1   2 -90  -90   2   20 2018    1
3   1  12 -100   1 -100 2018    2
2   4  12   12   1    3 2018    3
2   4  12   12   1    1 2018    4
3   2  12 -100   2 -100 2018    5
1   3 -98 -100   3 -100 2018    6
3   3  10   10   2    0 2018    7
3   1  12   12   2    1 2018    8
2   1   5    2   3   10 2018    9
2   3  12   12   2   10 2018   10
1   4  12   12   2    0 2018   11
2   3  11   10   2    0 2018   12
1   4  11 -100   3 -100 2018   13
3   1  12   12   1    0 2018   14
2   2   2 -100   2 -100 2018   15
1   3  12    9   2    0 2018   16
2   2  12   12   3 -100 2018   17
1   2 -98 -100   1 -100 2018   18
3   4  12   12   2    0 2018   19
2   2 -98  -90   3    9 2018   20
1   2  12   12   1    0 2018   21
3   3 -98 -100   2 -100 2018   22
2   4  12   12   2    0 2018   23
1   3  12   12   1    5 2018   24
1   3  12   10   1    1 2018   25
3   3  12 -100   1 -100 2018   26
1   3  12   12   2    5 2018   27
3   3   9 -100   3 -100 2018   28
2   1  12 -100   3 -100 2018   29
3   4  12    9   2    0 2018   30
2   2 -90 -100   2 -100 2018   31
3   4  12 -100   3 -100 2018   32
2   3 -90 -100   2 -100 2018   33
1   2  12   12   2   10 2018   34
2   3 -90  -90   1    0 2018   35
3   3  12   12   1    1 2018   36
1   2  12  -90   2    0 2018   37
3   2  12   12   3    0 2018   38
2   1  12   12   2    0 2018   39
1   3 -90  -90   2  -99 2018   40
2   3   9    9   2    7 2018   41
1   5  12   12   2   10 2018   42
2   3  12 -100   1 -100 2018   43
3   4 -90  -90   2  -99 2018   44
3   3  12   12   2 -100 2018   45
2   3  12   12   3   15 2018   46
2   4  12   12   2    0 2018   47
2   2  12 -100   2 -100 2018   48
2   4  12 -100   2 -100 2018   49
1   4  12 -100   2 -100 2018   50
3   3 -98  -90   2    0 2018   51
1   3  12   12   3    1 2018   52
2   1  12   12   2   11 2018   53
3   3  12   12   1 -100 2018   54
2   3  12   12   2    0 2018   55
3   2  12   12   2    0 2018   56
2   4  12 -100   2 -100 2018   57
1 -98   8    8   3 -100 2018   58
3   3  12   12   2    0 2018   59
2   2   7    6   3    5 2018   60
1   2   5    3   2 -100 2018   61
2   3  12   11   3    0 2018   62
1   3  12   12   2    0 2018   63
1   2  12 -100   2 -100 2018   64
2   3 -98 -100   2 -100 2018   65
1   2  11 -100   3 -100 2018   66
1   2  12   12   2    0 2018   67
3   3  12 -100   1 -100 2018   68
1   4  12   12   2    0 2018   69
2   2  10 -100   1 -100 2018   70
2   5   8 -100   2 -100 2018   71
2   3  12   12   2    0 2018   72
1   3  12 -100   1 -100 2018   73
3   2  12   12   2    0 2018   74
3   3  12    7   2    5 2018   75
1   1  12   12   1    0 2018   76
3   3  12   12   1    5 2018   77
2   1  12 -100   2 -100 2018   78
3   3 -90 -100   2 -100 2018   79
2 -99 -90  -90   1  -99 2018   80
1   2  12 -100   2 -100 2018   81
1   3  12  -90   2    3 2018   82
2   1  12   10   1    3 2018   83
1   3  12   12   1    0 2018   84
3   2  12   11   2    0 2018   85
2   2  12   12   2    0 2018   86
2   1  12    1   2    0 2018   87
3   4  12   12   2    0 2018   88
2   4  12   12   2    5 2018   89
2   3   8    8   2    1 2018   90
2   4  12   12   2    1 2018   91
1   4  12   10   3    3 2018   92
2   4 -90  -90   1    1 2018   93
2 -99 -90 -100   3 -100 2018   94
1   3  12   12   2    0 2018   95
3   4 -90  -90   2   15 2018   96
3   2  12 -100   2 -100 2018   97
1   3  12   12   1    0 2018   98
3   2 -90 -100   2 -100 2018   99
3   3   8  -98   1 -100 2018  100
1   3  12   12   3    0 2018  101
1   2   2 -100   3 -100 2018  102
3   4  12   12   2    0 2018  103
3   3  12 -100   1 -100 2018  104
2   2  12   12   2    0 2018  105
1   2  12   12   2    2 2018  106
2   4  12   12   2    0 2018  107
2   2 -90  -90   2    0 2018  108
3   4 -90 -100   1    0 2018  109
2   3  12 -100   3 -100 2018  110
3   2  12   12   1    0 2018  111
2   3  12    9   1    0 2018  112
2   4  12 -100   2 -100 2018  113
2   4   9 -100   3 -100 2018  114
2   3  12   12   2    0 2018  115
1   3  12 -100   1    0 2018  116
2   2  12 -100   2 -100 2018  117
3   2  12 -100   2 -100 2018  118
3   2  12    9   1    1 2018  119
1   3  12   12   2    1 2018  120
3   3  12 -100   2 -100 2018  121
1   2  12   12   2    0 2018  122
3   2  12    9   2    3 2018  123
3   4  12   12   2    0 2018  124
1   3  12   12   2    0 2018  125
2   2  12   12   2    2 2018  126
1   2  12   12   2    0 2018  127
3   3   1  -98   1    0 2018  128
1   3  12   12   2    0 2018  129
3   4  12   12   1    2 2018  130
2   3 -90 -100   1 -100 2018  131
1   4  12 -100   1 -100 2018  132
2   3  12   12   2    2 2018  133
3   4  12   12   2    3 2018  134
2   2  12   12   2   20 2018  135
2   3  12 -100   2   10 2018  136
1   3  12    8   2 -100 2018  137
3   2  12   12   3    3 2018  138
2   3  12    8   1    0 2018  139
1   3  12    9   2    5 2018  140
3   3  12   12   3    0 2018  141
2   4  11    8   2    3 2018  142
1   2 -90 -100   3 -100 2018  143
2   3  10 -100   2 -100 2018  144
2   3  12   12   2    0 2018  145
1   3  12 -100   2    3 2018  146
2   1  12   12   3 -100 2018  147
2   2   9    9   2    7 2018  148
1   4  12 -100   2 -100 2018  149
2   2  12   12   1    0 2018  150
3   3  12   12   2    0 2018  151
3   3   4 -100   2 -100 2018  152
2   3   4 -100   3 -100 2018  153
3   1  12   10   2    0 2018  154
2   5   2   12   1    0 2018  155
3   3   9    2   2    2 2018  156
1   3  12   12   3    0 2018  157
1   1  12    6   2    0 2018  158
2   2  10    7   1    0 2018  159
1   1   9    9   2   15 2018  160
3   3 -98 -100   3 -100 2018  161
2   3  12 -100   2 -100 2018  162
1   2  12   12   2    8 2018  163
3   3   5 -100   3 -100 2018  164
1   2   3 -100   2 -100 2018  165
2   3 -98 -100   2 -100 2018  166
3   2  12 -100   1   15 2018  167
1   3 -98  -98   2  -99 2018  168
3   3  12   12   3    0 2018  169
1   2  12   12   2    0 2018  170
3   3  12    7   2    7 2018  171
2   5  12   12   1    0 2018  172
3   3  12   12   3    0 2018  173
2   3 -90 -100   2 -100 2018  174
3   4  12   12   1    0 2018  175
2   3  12 -100   2 -100 2018  176
1   4  12   12   1    1 2018  177
3   1  12   12   2    1 2018  178
2   4  12   12   1    1 2018  179
1   4   9 -100   1 -100 2018  180
3 -98 -98 -100 -98  -98 2018  181
2   3   9 -100   2 -100 2018  182
1   3  12   12   2    0 2018  183
2   4  12   12   2    2 2018  184
1   3  12   12   3    3 2018  185
3   4  12    2   1 -100 2018  186
2   1  12   12   2 -100 2018  187
1   3  12   12   2    0 2018  188
3 -99 -90  -90   2 -100 2018  189
2   3  12   12   3    0 2018  190
3   3  12   12   1    1 2018  191
3   1  12 -100   3 -100 2018  192
2   2   1 -100   2 -100 2018  193
1   3  12   12   2   10 2018  194
2   4  10 -100   2 -100 2018  195
1   4  12   12   3    3 2018  196
2   1  12   11   2    1 2018  197
1   3  12   11   2    0 2018  198
3   2  12   12   1    0 2018  199
1   3  12    9   2    0 2018  200
1   4  12   12   2   14 2018  201
1   1  12   12   1 -100 2018  202
3   3  12 -100   1 -100 2018  203
1   4  12 -100   2 -100 2018  204
3   1  12 -100   1 -100 2018  205
2   2  12 -100   3 -100 2018  206
1   3  12   12   2   14 2018  207
2   4  12 -100   2 -100 2018  208
3   1  12 -100   3   20 2018  209
2   3 -98  -98   2 -100 2018  210
3   3  10 -100   1 -100 2018  211
2   1  12   12   1    0 2018  212
1   4  11 -100   3 -100 2018  213
2   3   9 -100   2 -100 2018  214
3   2  12 -100   2 -100 2018  215
1   3  12   10   2    0 2018  216
3   2  11 -100   3 -100 2018  217
2   2   3    5   3    0 2018  218
1   4   9 -100   2 -100 2018  219
3   3  12   12   1    3 2018  220
3   3  12   12   2   10 2018  221
3   3  12 -100   2    5 2018  222
1   2  12 -100   1    0 2018  223
3   3  12   12   3    0 2018  224
1   1  12    8   1    0 2018  225
2   1  12    9   2   15 2018  226
1   3  12   10   1 -100 2018  227
3   2  12   12   2    6 2018  228
2   2  12 -100   3 -100 2018  229
2   4  12 -100   1    0 2018  230
3   2  12    8   1    0 2018  231
2   3  12   12   2    6 2018  232
3   3 -90  -90   1    0 2018  233
1   4  12 -100   1 -100 2018  234
3   3  12   12   2    5 2018  235
2   3  12   12   2    2 2018  236
1   2  12   12   1    0 2018  237
3   3 -98 -100   3 -100 2018  238
2   3  12   12   2    0 2018  239
1   2  12 -100   2 -100 2018  240
3   3  12   12   1    0 2018  241
3   3  12   12   2    3 2018  242
2   3  12   12   2    0 2018  243
1   4  12   12   2   10 2018  244
2   1   6 -100   3   30 2018  245
1   3 -98  -98   2    0 2018  246
3   3  12   12   1    5 2018  247
3   3  12 -100   2 -100 2018  248
3   1 -90  -90   2  -99 2018  249
1   3  12 -100   1 -100 2018  250
3   2   9 -100   2 -100 2018  251
2   2  12   12   1    0 2018  252
2   3  10    6   3 -100 2018  253
2   5   9 -100   2 -100 2018  254
1   2   9 -100   2 -100 2018  255
1   2 -98 -100   2 -100 2018  256
3   2  12   12   2   30 2018  257
1   2  12 -100   2    2 2018  258
1   3  12 -100   2 -100 2018  259
2   3  12   12   2    0 2018  260
1   3  12 -100   1 -100 2018  261
3   4  12    9   2    0 2018  262
2   3  12   12   1   20 2018  263
2   3  12 -100   2    2 2018  264
1   4  12   12   2 -100 2018  265
2   2  12 -100   2 -100 2018  266
3   1  12   12   2    0 2018  267
2   2  12   12   2   10 2018  268
3   3  12   12   2    0 2018  269
1   2  12   12   2    2 2018  270
3   3  12   12   2    2 2018  271
1   1   9 -100   2    0 2018  272
3   3  12   10   3    1 2018  273
1   2  12    9   1    0 2018  274
3   4  12   12   2 -100 2018  275
2   3  12   12   2    3 2018  276
3   4  12   12   1    0 2018  277
3   4  12    9   2    3 2018  278
3   4  12   12   1    0 2018  279
2   3  12   12   1    0 2018  280
1   4  12   12   2    3 2018  281
3   3  12   12   1    0 2018  282
2   3 -90   12   2    0 2018  283
1   2  12   12   2 -100 2018  284
3   2  12 -100   1 -100 2018  285
2   2  12 -100   2 -100 2018  286
3   3  12   12   2 -100 2018  287
1   4  12   12   2    0 2018  288
2   3  12 -100   1    0 2018  289
1   2  11 -100   2 -100 2018  290
3   3  12   12   1    1 2018  291
3   3 -90  -90   1    3 2018  292
2   5  12   12   2    0 2018  293
1   2  12   12   2    2 2018  294
3   2   2 -100   2 -100 2018  295
1   3  12   12   2    2 2018  296
2   3  12 -100   2 -100 2018  297
1   4  12 -100   2 -100 2018  298
1   4  12   12   2    2 2018  299
3   4  12   12   2    0 2018  300
2   3  12   12   1    2 2018  301
3   3  12   12   2 -100 2018  302
1   3  12   12   1    0 2018  303
2   1  12   12   1    0 2018  304
3   3  12    4   2    0 2018  305
1   2  12   12   1    0 2018  306
3   4 -90  -90   2    0 2018  307
3   3 -90  -98   1    0 2018  308
2   4  11   11   2   30 2018  309
3   2  12   12   1 -100 2018  310
1   3  12 -100   2 -100 2018  311
1   3  12   12   2    0 2018  312
3   2  12   12   1    0 2018  313
3   3  12   12   1    0 2018  314
1   3  12   12   3   10 2018  315
3   4  12   12   3    5 2018  316
1   4  12 -100   1 -100 2018  317
2   1  12 -100   3 -100 2018  318
2   3  12   12   2    0 2018  319
1   1  12   12   1    0 2018  320
3   3  11 -100   2 -100 2018  321
1   3  12    8   1    0 2018  322
1   2  12  -98   1 -100 2018  323
3   3   9 -100   2 -100 2018  324
2   2 -98 -100   2 -100 2018  325
2   2   2 -100   3 -100 2018  326
1   1  11 -100   3 -100 2018  327
3   2  11 -100   2 -100 2018  328
2   3  12 -100   2 -100 2018  329
3   3  12    4   1 -100 2018  330
2   4  12   10   2    7 2018  331
3   4  12   12   2    0 2018  332
2   3 -90 -100   2 -100 2018  333
2   3  12   12   2 -100 2018  334
1   3  12   12   1 -100 2018  335
1   1  12 -100   2 -100 2018  336
2   3  12   12   2   14 2018  337
3   4  12   12   1    0 2018  338
3   3  12   12   2    2 2018  339
2   2  12   12   1    0 2018  340
3   3  12   12   2   15 2018  341
1   4  12    3   2  -99 2018  342
3   4  12   12   1    0 2018  343
2   2  12   12   1    0 2018  344
1   4  12   12   1 -100 2018  345
3   2   8 -100   2 -100 2018  346
2   2 -90   12   2   10 2018  347
1   3  10 -100   2 -100 2018  348
1   3  10 -100   3 -100 2018  349
3   1  12    1   2 -100 2018  350
2   1  12   12   1    0 2018  351
1   2  11    9   2 -100 2018  352
3   4  12 -100   2 -100 2018  353
1   4  12   12   2 -100 2018  354
1   4  12   12   1    0 2018  355
3   2  12 -100   1 -100 2018  356
3   5   9    8   1    0 2018  357
2   5  12   12   1    0 2018  358
1   3  12   12   2    0 2018  359
3   3  12   12   2    0 2018  360
2   3 -90 -100   2 -100 2018  361
1   3  12 -100   1 -100 2018  362
2   2  12 -100   2   15 2018  363
1   3  12   12   1    0 2018  364
3   4  12   12   2   15 2018  365
3   3 -90 -100   2 -100 2018  366
1   3  12   12   1    0 2018  367
3   4  12   12   1    1 2018  368
2   4  12   12   2    6 2018  369
1   2  12   12   1  -99 2018  370
1   5  12   12   2    2 2018  371
3   2  12   12   2    6 2018  372
1   3  12   12   1    5 2018  373
2   3 -90 -100   1 -100 2018  374
1   4  12   12   2    2 2018  375
3   3  12   12   2 -100 2018  376
2   2  12    5   2    2 2018  377
1   2  12 -100   2 -100 2018  378
1 -98  12 -100   2 -100 2018  379
2   2  12 -100   2  -99 2018  380
2   3  12    1   2    0 2018  381
3 -98 -98  -90   2 -100 2018  382
1   5  12 -100   1 -100 2018  383
3   1  12   12   3   10 2018  384
1   3  12   12   2    0 2018  385
1   3  12   12   2    2 2018  386
2   4  12   12   2    5 2018  387
1   3  12   12   2   10 2018  388
3 -99 -90  -90   2    0 2018  389
2   3 -98 -100   1 -100 2018  390
3   1  12 -100   3   15 2018  391
2   4   9 -100   2    3 2018  392
1   3 -98 -100   2 -100 2018  393
3   2   7 -100   2    2 2018  394
1   2  12   12   3   25 2018  395
3   4  12  -98   1    0 2018  396
2   3  12 -100   2 -100 2018  397
2   1  12   12   3    0 2018  398
1   4  12   12   1 -100 2018  399
1   3  12 -100   1 -100 2018  400
2   4  12   12   2    2 2018  401
2 -98 -98 -100   2 -100 2018  402
3   3 -98    2   2    0 2018  403
2   1   4 -100   2    0 2018  404
1   5  12 -100   2 -100 2018  405
2   3  12 -100   2 -100 2018  406
1   3  10 -100   2 -100 2018  407
2   4 -90  -90   1    0 2018  408
2   3   8 -100   2 -100 2018  409
1   4  12   12   1    3 2018  410
2   3 -90 -100   1 -100 2018  411
1   4  11 -100   1    0 2018  412
1   3 -90  -90   2    0 2018  413
2   3  12   12   2    0 2018  414
2 -98 -98 -100   3 -100 2018  415
1   5  12   12   1    0 2018  416
3   3  12   12   2    0 2018  417
3   2  12   12   2 -100 2018  418
2   1  12   12   2   10 2018  419
1   3  12   12   3   10 2018  420
2   3  11 -100   2 -100 2018  421
3   2  12   12   2    0 2018  422
2   3  12   12   2    2 2018  423
3   2 -98  -90   3    0 2018  424
2   3  12   11   1    1 2018  425
3   3  12    6   1    0 2018  426
2   4   1    3   2    0 2018  427
1   3  12   12   2    0 2018  428
2   5  12   12   1    2 2018  429
1   1  12   12   1    0 2018  430
3   3  12   12   2    0 2018  431
3   5  12   12   1    0 2018  432
2   3  12 -100   1 -100 2018  433
2   1  12   10   2    0 2018  434
1   3 -98 -100   2 -100 2018  435
1   3 -90 -100   1 -100 2018  436
1   3  12 -100   2 -100 2018  437
3   2  12    8   1 -100 2018  438
2   2  12   12   1    0 2018  439
3   2  12   12   2    0 2018  440
3   2  11   11   1    2 2018  441
3   2  12   12   2   15 2018  442
2   3 -90  -90   3 -100 2018  443
1   3  12 -100   1 -100 2018  444
3   3  12 -100   2 -100 2018  445
2   1  12   12   2    7 2018  446
3   2  12   12   3    5 2018  447
1   2  12   12   2    5 2018  448
3   2 -90 -100   2 -100 2018  449
2   3 -98 -100   2 -100 2018  450
1   2  12   12   2    0 2018  451
3   2  12   12   2 -100 2018  452
2   3  12 -100   1 -100 2018  453
3   2  12   12   1    1 2018  454
1   3  12   12   2    0 2018  455
1   3  12 -100   1 -100 2018  456
3   3  12 -100   2 -100 2018  457
3   2  12 -100   1 -100 2018  458
1   3  12 -100   2 -100 2018  459
2   3  12 -100   2    2 2018  460
3   4  12   12   2    0 2018  461
3   4  12    8   1    5 2018  462
3   3  12   12   2    2 2018  463
2   4  12   12   2    5 2018  464
1   3  12 -100   1 -100 2018  465
3   3  12    7   3    4 2018  466
2   3  12   12   2    1 2018  467
2   3 -90 -100   2 -100 2018  468
1   4  12   12   2    2 2018  469
2   3  12   12   2    0 2018  470
1   3  12 -100   3 -100 2018  471
3   1  12   12   2    3 2018  472
1   3  12 -100   2 -100 2018  473
3   3  12   12   2    0 2018  474
3   2   8 -100   2 -100 2018  475
2   2  12 -100   1 -100 2018  476
3   2  12   12   2    5 2018  477
2 -98  12    3   3    2 2018  478
1   3  12 -100   3 -100 2018  479
3   3  12   11   3   15 2018  480
2   3  12   12   2    1 2018  481
2   3  12   10   2    4 2018  482
1   2 -90  -90   1 -100 2018  483
3   3  12   10   2   10 2018  484
1   2  12 -100   1 -100 2018  485
3   4  11 -100   3 -100 2018  486
1   3  12   12   2    3 2018  487
2 -98  12 -100   2 -100 2018  488
2   2  12   12   1    0 2018  489
3   3 -90 -100   3 -100 2018  490
2   3  12   12   1    5 2018  491
3   4  12   12   1    0 2018  492
3   4  12   12   2    3 2018  493
3   3  12 -100   1 -100 2018  494
3   4  12   12   2    0 2018  495
1   3  10 -100   2   15 2018  496
3   1  12 -100   1    0 2018  497
3   2   3 -100   2 -100 2018  498
2   2  11   12   1    0 2018  499
1   1  12 -100   3 -100 2018  500
2   3  12   12   2    0 2018  501
1   3  12  -90   1    0 2018  502
3   2  12 -100   1    0 2018  503
3   2  12 -100   1    0 2018  504
2   3  12   12   2    0 2018  505
3   3  12 -100   2 -100 2018  506
2   2  12   12   1    0 2018  507
1   3  12   12   1    2 2018  508
3   2  12   12   2    0 2018  509
2   4  12   12   2    1 2018  510
3   3  12   12   3    0 2018  511
1   4 -90  -90   1    0 2018  512
1   3  12 -100   2 -100 2018  513
1   4  12   12   2    3 2018  514
1   1  12 -100   2 -100 2018  515
3   1  12  -90   2    0 2018  516
3   2  12 -100   1 -100 2018  517
1   2  12 -100   1 -100 2018  518
3   2  12   12   2    7 2018  519
2   2  12   12   2 -100 2018  520
3   4  12 -100   2 -100 2018  521
2   4  12   10   1    7 2018  522
2   3  12   12   1    0 2018  523
1   4  10    9   2    3 2018  524
3   4  12   12   2    2 2018  525
2   1  11    1   2 -100 2018  526
1   3 -90  -90   1    0 2018  527
2   2   8    1   2    2 2018  528
1   3  12 -100   2 -100 2018  529
3   2  12   12   2    3 2018  530
1   4   3    2   2    0 2018  531
2   1   9 -100   3 -100 2018  532
2   3  12   12   2    0 2018  533
3   3  12   12   1    0 2018  534
1   2  12 -100   1 -100 2018  535
3   3  11    8   1    0 2018  536
2 -98   1 -100   3 -100 2018  537
1   3  12   12   2    2 2018  538
3   3  12   12   2    5 2018  539
1   2  12   12   2    5 2018  540
3   4  12   12   3   25 2018  541
2   3  12 -100   2 -100 2018  542
1   4  12   12   1    0 2018  543
3   2  12   12   2    0 2018  544
2   1  12   12   2    5 2018  545
3   2  12 -100   2 -100 2018  546
1   2  11 -100   1 -100 2018  547
1   2  10 -100   2 -100 2018  548
1   1   1 -100   2 -100 2018  549
1   4  12 -100   1 -100 2018  550
1   4  12   11   1    1 2018  551
2   3  12   12   2    1 2018  552
1   2  12   12   2    2 2018  553
3   3  12    6   3    0 2018  554
2   4  12 -100   1    0 2018  555
1   3  12    9   1    0 2018  556
2   3  12 -100   1 -100 2018  557
3 -98  11 -100   2 -100 2018  558
2   4  12   12   2    1 2018  559
3   4  12   12   2   20 2018  560
2   2  12 -100   2 -100 2018  561
2   4  12    3   1    0 2018  562
1   2  12   12   2    2 2018  563
1   1  12   12   1    0 2018  564
3   5  12   11   2    1 2018  565
3   3  12 -100   2 -100 2018  566
2   2  12   12   2    0 2018  567
1   2  12 -100   1 -100 2018  568
2   4  12   12   1    0 2018  569
2   3 -90  -90   2    0 2018  570
2   1  12 -100   3   10 2018  571
3   4  12   12   2    3 2018  572
2   4  12   12   3    5 2018  573
3   4  12   12   2    0 2018  574
3   2   9    2   3 -100 2018  575
1   1  10    3   2    0 2018  576
3   3  12 -100   1 -100 2018  577
3   3  10   10   2    2 2018  578
2   3  12   12   1    0 2018  579
1   3  10 -100   3 -100 2018  580
2   3  12   12   3   10 2018  581
1   3   9 -100   2    0 2018  582
3   4  12   12   2    8 2018  583
2   4   9   11   2   14 2018  584
3   3  12    7   2   30 2018  585
2   2   8    9   2    0 2018  586
2   2  12   12   1    0 2018  587
2   1  12   12   1    0 2018  588
1   2  12   12   2   25 2018  589
2   3  12   12   1    0 2018  590
2 -98 -98 -100   2    4 2018  591
3   3  11   11   2    0 2018  592
2   1  12   12   1    0 2018  593
3   3  12    4   2    0 2018  594
2   1  11 -100   3 -100 2018  595
2   3  12 -100   1    0 2018  596
1   3  12   12   2    0 2018  597
3   2  12   12   1 -100 2018  598
2   3  12   12   2    0 2018  599
2   1  10    5   1    0 2018  600
1   4  12 -100   2 -100 2018  601
2   4  12 -100   1 -100 2018  602
2   4  12   12   2    0 2018  603
1   5   8    1   2 -100 2018  604
2   3  12   12   1 -100 2018  605
1   1  12    3   2 -100 2018  606
2   2  12 -100   1 -100 2018  607
1   3  12   10   1    0 2018  608
3   3   6 -100   2 -100 2018  609
1 -98 -98    4   2    0 2018  610
1   1  10 -100   3    3 2018  611
3   1  12 -100   3    0 2018  612
1   2  12   12   2    0 2018  613
2   3  12 -100   1 -100 2018  614
2   2   5 -100   2 -100 2018  615
3   1  11 -100   2 -100 2018  616
3   3   8 -100   2 -100 2018  617
2   4   4 -100   1 -100 2018  618
3   3  10 -100   2 -100 2018  619
2   3  12 -100   2 -100 2018  620
2   3  12 -100   2 -100 2018  621
1   3  12   10   2    2 2018  622
2   4  12   12   1    2 2018  623
1   4  12   12   1    0 2018  624
1   3 -98 -100   2 -100 2018  625
3   3  12   12   2    0 2018  626
2   3 -90  -90   2 -100 2018  627
3   3  12   12   3    7 2018  628
1   3  12 -100   2 -100 2018  629
1 -98 -98  -98   2   10 2018  630
3 -99 -90  -98   1  -99 2018  631
2   3  10   10   2 -100 2018  632
3   3  12   12   2    0 2018  633
2   4  12   12   2    0 2018  634
1   4  12   12   2    0 2018  635
3   3   9    9   2    0 2018  636
2   2  12   12   2    0 2018  637
1   3   9    9   1 -100 2018  638
2   1  12   12   1   10 2018  639
2   3  12    3   2    0 2018  640
1   3  12   12   1    0 2018  641
3   3  12   12   1    0 2018  642
2   2  12   12   1    0 2018  643
1   3  12    8   1    0 2018  644
3   3   9 -100   2 -100 2018  645
2   1  12   12   2    0 2018  646
1   3  12   12   1    3 2018  647
2   3 -98 -100   2    2 2018  648
2   1  10    9   1 -100 2018  649
1   2  11   11   3 -100 2018  650
2   2   9 -100   2 -100 2018  651
1   3   4    4   2    0 2018  652
1   3  12   12   1    2 2018  653
3   4  12   12   3    3 2018  654
2   2   9    9   2    0 2018  655
3   3  12   12   1 -100 2018  656
2   1  12   12   2    0 2018  657
3   3  12   12   1    0 2018  658
2   2  12   12   2  -99 2018  659
1   3  12   12   2    0 2018  660
3   3  10 -100   3 -100 2018  661
1   2  12 -100   2    0 2018  662
3   3  12   12   2  -99 2018  663
1   1  12   11   2    5 2018  664
1   2  12   12   1    0 2018  665
3   2  12 -100   2    0 2018  666
2   2  12   12   2    0 2018  667
3   3  12    7   2    7 2018  668
2   3  12 -100   2 -100 2018  669
3   4  12 -100   2    5 2018  670
2   2  12    9   1    0 2018  671
3   1  12   12   1    0 2018  672
2   4  11  -98   2    0 2018  673
1   3   4    4   2 -100 2018  674
1   4  12    9   1    0 2018  675
3   2  12   11   2   25 2018  676
1   2  12   12   2    0 2018  677
2   2   9 -100   1 -100 2018  678
2   3  12   11   3    0 2018  679
1   4  12 -100   3 -100 2018  680
3   4  12   12   2    0 2018  681
2   3  12   12   1    0 2018  682
1   1  12   12   2    0 2018  683
2   2 -98 -100   2 -100 2018  684
3   3  12   12   2    0 2018  685
3   2  10   10   2 -100 2018  686
1   1 -98 -100   3 -100 2018  687
1   3 -98    9   2    2 2018  688
3   1   8 -100   1    0 2018  689
1   2   2 -100   1 -100 2018  690
3   2  12   12   2    0 2018  691
2   1  11   10   3   30 2018  692
1   2  12   12   2    0 2018  693
1   2  12 -100   2 -100 2018  694
2   1  12   12   1    0 2018  695
1   2  12   12   3   20 2018  696
2   1   9 -100   3 -100 2018  697
3   2 -98  -98   2   30 2018  698
3   3  12 -100   1    0 2018  699
3   2   3 -100   3 -100 2018  700
2   2  12   12   1    0 2018  701
3   2  12 -100   2 -100 2018  702
2   2  12 -100   1 -100 2018  703
1   1 -90    9   2    0 2018  704
3   3  12 -100   2 -100 2018  705
1   3  12   12   3    3 2018  706
2   4  12   12   1    0 2018  707
1   2  12   12   1    0 2018  708
2 -98 -90 -100   3 -100 2018  709
1   2  12 -100   2 -100 2018  710
1   2   9 -100   3    0 2018  711
3   2 -98    4   3 -100 2018  712
1   1  12   12   1    0 2018  713
3   3   7 -100   3 -100 2018  714
3   1  12   11   3    0 2018  715
3   4  12   12   1    3 2018  716
3   4  12 -100   2 -100 2018  717
2   5  12   12   2    0 2018  718
1   3  12   12   1    0 2018  719
1   4  12   12   1    0 2018  720
3   4  12    2   2  -99 2018  721
2   4  12   12   2    0 2018  722
3   3  12 -100   1 -100 2018  723
3   3  12  -90   2 -100 2018  724
1   3   7 -100   2 -100 2018  725
2   4  11   11   1    0 2018  726
2   3  12   12   2    0 2018  727
1   2  11    5   2    0 2018  728
3   3  12   12   1    0 2018  729
2   2  12 -100   2    5 2018  730
1   3  12   12   1    0 2018  731
3   3  10    9   3    0 2018  732
2   4  12 -100   1 -100 2018  733
1   3  12   12   2    8 2018  734
1   3  12    7   1    1 2018  735
3   3  12   12   1    1 2018  736
3   4  12 -100   2 -100 2018  737
3   4  12    2   1    0 2018  738
3   2  12 -100   1    0 2018  739
2   3  11   11   2    0 2018  740
3   2  12   12   1   10 2018  741
3   3  12   12   3    1 2018  742
2   1  12   11   2    0 2018  743
1   4  12   12   3   10 2018  744
3   4  12 -100   2    0 2018  745
1   2  12   12   2    0 2018  746
2   3  10    5   2   30 2018  747
3   2  10   10   2    0 2018  748
3   2  12   12   2    0 2018  749
1   2  12 -100   1   14 2018  750
3   3  12 -100   2 -100 2018  751
2   2  12   12   2    1 2018  752
2   3   9 -100   2 -100 2018  753
3   3  12   11   3   16 2018  754
1   4  12   12   1    0 2018  755
3   4  12 -100   3    1 2018  756
1   4  12   12   1    0 2018  757
3   2  12    5   1 -100 2018  758
1   3  12 -100   1 -100 2018  759
1   3  12   12   1 -100 2018  760
2   3  12 -100   1 -100 2018  761
1   3  12   12   1    7 2018  762
2   4  12   12   1 -100 2018  763
3   4  12    3   2    3 2018  764
1   4  12   12   1    0 2018  765
3   2  12   12   2    2 2018  766
1   3  12 -100   2 -100 2018  767
1   2 -90 -100   2    0 2018  768
3   2  12   12   2    2 2018  769
3   3  12    9   2    5 2018  770
2   2  12   12   1    0 2018  771
1   3  12 -100   2 -100 2018  772
1   3   9 -100   3 -100 2018  773
1   1   9 -100   1    0 2018  774
3   4  12   12   2    5 2018  775
3   4  12   10   2    5 2018  776
1   4  12 -100   1 -100 2018  777
3   3  12   12   2    0 2018  778
3   2  12   12   2    3 2018  779
2   3  10 -100   2 -100 2018  780
3   1  12   12   1    0 2018  781
2   2  12 -100   1    0 2018  782
3   3  12 -100   1 -100 2018  783
1   4  10   10   2    0 2018  784
2   1  12   12   2    1 2018  785
1   3  12   12   1    0 2018  786
3   2  12    9   1    0 2018  787
1   3  12    9   2    0 2018  788
1   3  12   12   2   22 2018  789
3   4  12   12   2   12 2018  790
1   3   9 -100   2 -100 2018  791
3   2  12 -100   1 -100 2018  792
1   3  12   12   2    5 2018  793
3   3  12   11   2    0 2018  794
2   3  12 -100   3 -100 2018  795
3   4  11 -100   3    5 2018  796
2   3  12   11   2    0 2018  797
1   4  12    9   2   25 2018  798
2   2  12   12   1    3 2018  799
1   2  12 -100   2 -100 2018  800
3 -98  11   11   1    0 2018  801
2   3 -98   11   1    7 2018  802
1   2  11    5   1  -98 2018  803
2   3  12    9   2    4 2018  804
1   2  12   11   2    5 2018  805
2   1   2 -100   3 -100 2018  806
1   3  12   12   1    0 2018  807
3   2  12   12   2    1 2018  808
3   3  12   12   3    4 2018  809
2   2   9 -100   2 -100 2018  810
3   4  12   12   1    0 2018  811
3   4  12   12   3   30 2018  812
2   4  12 -100   2    7 2018  813
2   1  12   10   1    0 2018  814
2   3   7    7   1    1 2018  815
3   4  11   11   3    0 2018  816
1   1   9 -100   2 -100 2018  817
3   3 -98  -98   2 -100 2018  818
2   1   7 -100   3 -100 2018  819
3   2  12    6   2 -100 2018  820
2   1  12    9   1    0 2018  821
3   3  12 -100   1 -100 2018  822
3   4  12    7   2 -100 2018  823
2   2   6 -100   2 -100 2018  824
3   3  12 -100   2 -100 2018  825
2   2  12   12   1  -99 2018  826
1   3 -90 -100   2    2 2018  827
1   1  12   12   3    0 2018  828
3   3  12   12   1    0 2018  829
2   3  12 -100   2 -100 2018  830
3   1  12   12   1    0 2018  831
3   3  12 -100   2 -100 2018  832
2   3  12    3   2    0 2018  833
2   3  12   12   2    0 2018  834
3   2  12   12   3 -100 2018  835
2   2  12   12   1    0 2018  836
2   3  12 -100   2 -100 2018  837
1   2 -98  -98   2 -100 2018  838
2   3  12   12   2   12 2018  839
2   2  12   12   2    0 2018  840
1   1  12    5   1    0 2018  841
3   2  12    9   3    0 2018  842
2   5  11   11   2    0 2018  843
1   3 -98 -100   2 -100 2018  844
3   3  12   12   1    0 2018  845
1   3  12 -100   1 -100 2018  846
3   2  12   12   1    0 2018  847
2   5  12   12   1    0 2018  848
1   3 -98    9   2    3 2018  849
3   4  12   12   2    0 2018  850
2   1  12 -100   1 -100 2018  851
3   3  12   12   1 -100 2018  852
2   2   9 -100   2 -100 2018  853
1   2  12   12   1    0 2018  854
1   3  12   12   3    0 2018  855
3   4  12   12   1    5 2018  856
1   2  12 -100   3 -100 2018  857
3   3 -98 -100   2 -100 2018  858
2   1 -90   12   1    0 2018  859
3   2  12 -100   3 -100 2018  860
2   5  12   12   2    0 2018  861
1   4   1    1   2    0 2018  862
3   5  12 -100   2    0 2018  863
3   3  12   10   1 -100 2018  864
2   2  12   12   1    0 2018  865
1   2  12    2   2 -100 2018  866
3   4   2    2   3    0 2018  867
3   2  12 -100   1 -100 2018  868
2   1  12   12   1    0 2018  869
1   2  12    9   2 -100 2018  870
3   1   1 -100   1    0 2018  871
2   3   9 -100   2 -100 2018  872
1   1  12    9   1    3 2018  873
1   3  12 -100   1 -100 2018  874
3   3  12   10   1 -100 2018  875
2   3  12   12   1    0 2018  876
1   4  12   12   2    0 2018  877
2   4  12  -90   1    0 2018  878
2   4   9 -100   1 -100 2018  879
1   3  12   12   1    0 2018  880
2   3  12   12   2 -100 2018  881
2   4  12   11   2    3 2018  882
1   2  11 -100   3   30 2018  883
2   3  12   12   2    0 2018  884
1   3  12   12   2   10 2018  885
3   3  11   11   2   30 2018  886
2   4  12   12   2    0 2018  887
1   3  11 -100   2 -100 2018  888
3   3   9 -100   2 -100 2018  889
2   3  12   11   2   10 2018  890
3   3  10 -100   3 -100 2018  891
1   3  12   12   2    0 2018  892
3   4   9 -100   3 -100 2018  893
3   2  12 -100   3   10 2018  894
2   1  12   10   1    0 2018  895
1   2  12   12   2    0 2018  896
1   4  12   12   2 -100 2018  897
3   2 -90 -100   1 -100 2018  898
2   2 -98 -100   3 -100 2018  899
1   3  12   12   2    0 2018  900
3   2  12 -100   1 -100 2018  901
2   4  12   12   2    3 2018  902
3   4  12   12   3   30 2018  903
2   2  12   12   2    0 2018  904
1   2   9    3   1 -100 2018  905
3   3   1 -100   3 -100 2018  906
2   3   5    2   2    8 2018  907
1 -99 -90 -100   2 -100 2018  908
1   3  12 -100   1  -99 2018  909
3   3  12 -100   3 -100 2018  910
2   2  12    1   3 -100 2018  911
1   3  11   11   2 -100 2018  912
2   2  12   12   2    0 2018  913
2   3  12   12   2    0 2018  914
2   2  12   12   2   30 2018  915
1   2  12   12   2    4 2018  916
3   3  12 -100   3   30 2018  917
2   3  12   12   2    2 2018  918
3   3  12 -100   2 -100 2018  919
2   3  12 -100   3 -100 2018  920
3   4 -98 -100   1 -100 2018  921
1   2  12   12   2   30 2018  922
2   1  12   12   1    0 2018  923
1   2 -90  -90   2    0 2018  924
1   3  12   12   2    0 2018  925
2   2 -90  -90   2    0 2018  926
1   2  12 -100   3    3 2018  927
2   3  12   12   2    0 2018  928
3   2  12   12   1    0 2018  929
1   3   8 -100   2 -100 2018  930
2   3  12 -100   2 -100 2018  931
3   2  12 -100   1 -100 2018  932
1   3  12 -100   3 -100 2018  933
3   2  12   12   1    0 2018  934
2   5  12   12   2    5 2018  935
3   2  12 -100   2 -100 2018  936
1   4  12   12   1    0 2018  937
3   4  12   12   1    0 2018  938
1   2  12    2   1    1 2018  939
2   1   9 -100   2 -100 2018  940
2   1  12   12   2    3 2018  941
3 -98   1 -100   3 -100 2018  942
2   3  11 -100   1 -100 2018  943
1   2 -90  -90   1 -100 2018  944
3   1  12   12   2    0 2018  945
2   1  12 -100   1 -100 2018  946
1   2  12 -100   2 -100 2018  947
3   2  12   11   2    0 2018  948
2   2 -90  -90   2    0 2018  949
1   4 -98  -98   2    4 2018  950
2   3  12 -100   1 -100 2018  951
1   2 -90  -90   2    0 2018  952
3   2  12   12   2   12 2018  953
3   1  10 -100   3    0 2018  954
1   1   9 -100   2 -100 2018  955
3   4  12 -100   1 -100 2018  956
2   3  12 -100   1 -100 2018  957
1   3   3 -100   1 -100 2018  958
3   4   9    1   1 -100 2018  959
2   2  12   12   1    0 2018  960
1   3  12   12   3    2 2018  961
3   4  12   12   2    0 2018  962
2   4  12   12   2    2 2018  963
3   3  12 -100   2 -100 2018  964
2   4  12   12   2    5 2018  965
1   3  12 -100   2   30 2018  966
3   3  10    7   2    0 2018  967
1   3  12   12   2    4 2018  968
3   3   9   12   1    0 2018  969
2   2  12   12   3   30 2018  970
3   3  12   12   3    2 2018  971
2   3  12   12   2   10 2018  972
2   3  12   12   3    0 2018  973
3   3  11   11   2    0 2018  974
1   2  12   12   2    0 2018  975
3   4  12 -100   1 -100 2018  976
3   1  12   12   1    0 2018  977
2   3  12   12   1    2 2018  978
1   3   9 -100   2 -100 2018  979
3   3  12   12   2    5 2018  980
2   3  12   12   1    0 2018  981
1   3  12   12   2    2 2018  982
3   4  12 -100   2 -100 2018  983
1   2   5 -100   1 -100 2018  984
2   4  12   12   2    4 2018  985
1   4  12   12   2    0 2018  986
1   1  12    5   1   20 2018  987
2   4  12   12   1    7 2018  988
3   3  12    1   3   20 2018  989
2   4  12    9   3   30 2018  990
1   3   8 -100   3 -100 2018  991
2   3  12    9   3   15 2018  992
1   2  12    7   2 -100 2018  993
2   3  12 -100   2 -100 2018  994
1   2  12   12   2    4 2018  995
3   4  10   10   3    1 2018  996
3   1   6 -100   3 -100 2018  997
2   2  12 -100   2    2 2018  998
3   3  10    9   2   30 2018  999
1   3  12   12   2    3 2018 1000
2   4  12 -100   2    1 2018 1001
2   4  12 -100   2 -100 2018 1002
3   3  12 -100   2 -100 2018 1003
3   5  11    9   3   30 2018 1004
2   2 -90  -90   2    0 2018 1005
2   1  12   12   2    0 2018 1006
3   2  12   12   1    0 2018 1007
3   3  12   12   2    3 2018 1008
2   2  12   12   2    0 2018 1009
2   4  12   12   2    0 2018 1010
1   3  12   10   3   29 2018 1011
3   3  12   12   1    0 2018 1012
2   2  12   12   2    2 2018 1013
1   2  12   12   2   15 2018 1014
2   3  12   12   2    2 2018 1015
3   4  12   12   1    0 2018 1016
1   4  12    3   1  -99 2018 1017
2   3  12   12   3    0 2018 1018
1   2  12   12   1    0 2018 1019
3   2  10 -100   3 -100 2018 1020
2   3  12   12   2   15 2018 1021
2   4  12   11   2    2 2018 1022
1 -98  10 -100   1 -100 2018 1023
3   3   8 -100   2 -100 2018 1024
1   4  12   12   2    0 2018 1025
2   3  12   12   1    0 2018 1026
1   3  12   12   2   30 2018 1027
3   3  12 -100   3 -100 2018 1028
1   3  12   12   2    0 2018 1029
2   3  12   12   2    2 2018 1030
1   3  12   12   1    0 2018 1031
3   3  11 -100   2 -100 2018 1032
3   2  12   12   2    0 2018 1033
3   2  12   12   3   15 2018 1034
1   3   9    2   2    0 2018 1035
2   2  12   12   1    3 2018 1036
3   5  12 -100   2 -100 2018 1037
2   3  12   12   2    2 2018 1038
1   2 -98 -100   3 -100 2018 1039
1   2  12   12   1    2 2018 1040
3   3  12   12   3    0 2018 1041
1   3  12 -100   1 -100 2018 1042
1   1  12   12   2    0 2018 1043
2   3  11   11   1    0 2018 1044
1   4  12   12   2   14 2018 1045
1   3  11 -100   2 -100 2018 1046
3   3  12 -100   2 -100 2018 1047
3 -98  12    1   2 -100 2018 1048
3   1   9 -100   2 -100 2018 1049
2   1 -98 -100   1 -100 2018 1050
1   2   9 -100   2 -100 2018 1051
2   3  12   12   1    0 2018 1052
1   3  11  -90   2 -100 2018 1053
2   2   9    9   2   18 2018 1054
3   2  12 -100   2 -100 2018 1055
1   2   9 -100   3 -100 2018 1056
3   3  12    9   1    0 2018 1057
2   3  12   12   2    0 2018 1058
1   2  11 -100   2    0 2018 1059
2   3  12    3   1    2 2018 1060
1   2  12    9   2    3 2018 1061
3   3   6    1   3   10 2018 1062
1   1  12 -100   1 -100 2018 1063
2   4  12   12   1    0 2018 1064
1   2  11   11   1    0 2018 1065
3   3  12   12   2    0 2018 1066
2   3   7 -100   3 -100 2018 1067
3   2  12   12   3    0 2018 1068
1   2  12   12   2    0 2018 1069
3   3  12    9   3    0 2018 1070
2   4  12 -100   2 -100 2018 1071
2   5  11 -100   2 -100 2018 1072
2   3   2    1   2 -100 2018 1073
1   2  10    1   2    0 2018 1074
3   2  12   12   2    0 2018 1075
2   3  12   12   1    0 2018 1076
2   3  10   10   2  -99 2018 1077
1   3  12   12   1    0 2018 1078
3   3   1 -100   2    0 2018 1079
1   1  12 -100   3 -100 2018 1080
3   3  12   12   2    0 2018 1081
1   3  12   12   2    7 2018 1082
2   4  12   12   1    0 2018 1083
3   3  12   12   2    0 2018 1084
3   2  12    9   3    0 2018 1085
2   3  12   12   2    5 2018 1086
1   3  12 -100   1 -100 2018 1087
3   2  11 -100   2 -100 2018 1088
2   1  12   12   2    0 2018 1089
2   4  12   12   1    0 2018 1090
1   4  12   12   1    0 2018 1091
3   2  12   12   2    0 2018 1092
2   4 -90 -100   1    1 2018 1093
1   4  12 -100   2 -100 2018 1094
3   3  12   12   1    0 2018 1095
3   4  12   12   3    2 2018 1096
3   3  12   12   2   10 2018 1097
1   4  12   12   2    5 2018 1098
1   3  12   12   2    0 2018 1099
3   3  12   12   2 -100 2018 1100
1   4  12    5   3 -100 2018 1101
3   2  11    2   2   14 2018 1102
2   3 -90  -90   2   15 2018 1103
1   3  11 -100   3   30 2018 1104
3   2  12   12   2    0 2018 1105
2   3  12   12   2    0 2018 1106
1   3  12   12   2    2 2018 1107
3   2  12   11   2    0 2018 1108
1   4  12 -100   2 -100 2018 1109
3   2  11 -100   2    5 2018 1110
1   3  12   12   2    3 2018 1111
2   3  12    8   2 -100 2018 1112
3   4 -98 -100   1   30 2018 1113
2   2  12    9   2    4 2018 1114
1   2  12    1   1    0 2018 1115
2   3  12 -100   2 -100 2018 1116
1   4  12   11   2   15 2018 1117
2   2   1 -100   1 -100 2018 1118
1   3  12   12   2    0 2018 1119
3   4   9 -100   2 -100 2018 1120
2   4  12    6   2    2 2018 1121
1   4  12    6   2    0 2018 1122
1   2  12   12   2   15 2018 1123
2   2  12   11   3 -100 2018 1124
1   4  10    4   2    3 2018 1125
3   4  12   12   1    0 2018 1126
2   3   4    4   2   10 2018 1127
3   4  12    3   3 -100 2018 1128
2   3  11 -100   2    5 2018 1129
1   3  12   12   2 -100 2018 1130
3   3 -98 -100   3    3 2018 1131
1   1  12 -100   2 -100 2018 1132
3   4   9    2   3 -100 2018 1133
2   3  12   12   2    0 2018 1134
3   3  12   12   2    0 2018 1135
1   3  12 -100   1 -100 2018 1136
3   2  12   12   1    0 2018 1137
2   2  12   12   3    2 2018 1138
3   2  11 -100   3 -100 2018 1139
1   4  12   12   1 -100 2018 1140
2   2  12    2   2 -100 2018 1141
2   4  12   12   1    0 2018 1142
1   2  11   11   2    0 2018 1143
3   1  12 -100   2 -100 2018 1144
2   3  12   12   2    6 2018 1145
3   3  12   11   1 -100 2018 1146
2   2  12 -100   2 -100 2018 1147
1   3  11 -100   2    0 2018 1148
3   1 -98   10   2    3 2018 1149
2   3   9 -100   3   15 2018 1150
1   2  12   12   2 -100 2018 1151
3   4  12 -100   3 -100 2018 1152
2   1  12    1   1 -100 2018 1153
1   2  11   11   1    0 2018 1154
2   2  12   12   2    1 2018 1155
1   2  12   12   1   30 2018 1156
3   2  12   10   2    5 2018 1157
2   3  12   12   1    0 2018 1158
1   3  12 -100   2 -100 2018 1159
2   2  12   12   2    0 2018 1160
1   4  12 -100   2 -100 2018 1161
2   4 -90 -100   2 -100 2018 1162
2   3 -90 -100   1 -100 2018 1163
1   3  12   12   1    0 2018 1164
3   3  12   12   1    0 2018 1165
2   1  12 -100   1 -100 2018 1166
1   3  12 -100   2 -100 2018 1167
2   3  12 -100   1 -100 2018 1168
3   3  12 -100   2 -100 2018 1169
1   2  12   12   1    0 2018 1170
1   2  12   12   1    0 2018 1171
2 -98  12   12   3    4 2018 1172
1   2  12    1   3 -100 2018 1173
3   5  12   12   2    4 2018 1174
2 -98  12   12   2    0 2018 1175
1   2  12   12   2 -100 2018 1176
2   3  12   12   2    0 2018 1177
1   4  12 -100   2 -100 2018 1178
3   2  12 -100   3 -100 2018 1179
2   2   3 -100   3 -100 2018 1180
3   2  12   12   2   30 2018 1181
1   2  12   12   3    3 2018 1182
3   3  12   12   2    2 2018 1183
2 -98  12  -90   3 -100 2018 1184
1   1  12 -100   1 -100 2018 1185
3   3  12 -100   2 -100 2018 1186
2   5  12 -100   2 -100 2018 1187
3   1  12 -100   2 -100 2018 1188
2   3  12   12   1    0 2018 1189
1   5  12   12   2    1 2018 1190
3   2  12   12   2    0 2018 1191
2   1  12 -100   1 -100 2018 1192
1   3  12   12   2    1 2018 1193
3 -98 -98 -100   2 -100 2018 1194
2   3  12 -100   2 -100 2018 1195
3   2  12 -100   1 -100 2018 1196
3   3  12   12   2    3 2018 1197
1   4 -90  -90   2 -100 2018 1198
3   4  12 -100   1 -100 2018 1199
1   2  10    7   3   30 2018 1200
3   3  12   11   2    7 2018 1201
2   4  12    7   2    0 2018 1202
3   3  12 -100   1 -100 2018 1203
1   1  12   12   1    0 2018 1204
3   3   9 -100   2 -100 2018 1205
2   4  12    4   1 -100 2018 1206
3   2  12 -100   1    4 2018 1207
2   1   2 -100   3 -100 2018 1208
1   2   9 -100   2 -100 2018 1209
3   3   9 -100   2 -100 2018 1210
1   3   1 -100   2 -100 2018 1211
2   2  12   12   1    0 2018 1212
1   2  12   12   2    0 2018 1213
3   4  12   12   1    1 2018 1214
3   2   3    3   2    7 2018 1215
2   3  12 -100   2 -100 2018 1216
1   2  12   12   1    0 2018 1217
3   3  12 -100   2   15 2018 1218
3   2  12   12   1    0 2018 1219
3   3   5 -100   3 -100 2018 1220
1   2  12   12   1    1 2018 1221
3   3  12   12   3    0 2018 1222
2   2  12   12   1    2 2018 1223
2   3  11 -100   2 -100 2018 1224
3   3  12   12   2   30 2018 1225
2   2  12   12   2    0 2018 1226
3   3  12 -100   1 -100 2018 1227
1   1  12   12   1    5 2018 1228
3   3  12   12   2    0 2018 1229
2   4  12    8   2    0 2018 1230
1   2  12   12   2   20 2018 1231
1   3  12 -100   2    0 2018 1232
2   3  12   12   2    0 2018 1233
1   4  12   11   3    1 2018 1234
3   3  12 -100   1    3 2018 1235
2   3  12 -100   2   30 2018 1236
1   4  12 -100   2 -100 2018 1237
3   4  12   12   2    0 2018 1238
2   3  12 -100   2    0 2018 1239
2   2   9 -100   1 -100 2018 1240
2   4  12   12   1    0 2018 1241
1   3  12 -100   2 -100 2018 1242
3   4  12   10   3    0 2018 1243
2   2  11 -100   2    3 2018 1244
1   3  12    9   2    3 2018 1245
2   3  11 -100   2 -100 2018 1246
3   3  12 -100   1    0 2018 1247
2   2  12 -100   3 -100 2018 1248
3   3  11    3   1    0 2018 1249
2   2   8 -100   1 -100 2018 1250
1   2  12 -100   2    0 2018 1251
3   1 -98    1   1 -100 2018 1252
1   4 -90 -100   2 -100 2018 1253
1   3  12   11   2    2 2018 1254
2   3  12   12   1    0 2018 1255
2   1  12   12   2    0 2018 1256
1   3  12 -100   2 -100 2018 1257
1   2  12   12   2    0 2018 1258
3   3 -98 -100   2  -98 2018 1259
2   5  12   12   2    0 2018 1260
1   4  12   12   1    0 2018 1261
2   3  12 -100   2 -100 2018 1262
3   4  12   12   2    2 2018 1263
3   3  12 -100   1 -100 2018 1264
2   2  12   12   1   10 2018 1265
2   3  12   12   2    5 2018 1266
1   3  12   12   3    3 2018 1267
2 -98   9 -100   1 -100 2018 1268
1   3  12   12   2    0 2018 1269
2   3   9 -100   3 -100 2018 1270
1   3   1 -100   2 -100 2018 1271
3   2  10   10   3    0 2018 1272
3   3   9 -100   2    0 2018 1273
2   3  11   11   3    2 2018 1274
1   3  12   12   2    0 2018 1275
2   2   8 -100   2 -100 2018 1276
1   2  11    3   1    0 2018 1277
3   4  12   11   2 -100 2018 1278
2   4  10    9   2   10 2018 1279
1   2   4 -100   2    0 2018 1280
3   2  12   12   1    0 2018 1281
2   1  12   12   2   15 2018 1282
1   3  12   12   1    0 2018 1283
2   1  12   12   2   15 2018 1284
3   1  12   12   2    0 2018 1285
2   3   3 -100   2 -100 2018 1286
3   4  12   12   1    2 2018 1287
2   3  12 -100   2 -100 2018 1288
3   3  12 -100   2    0 2018 1289
2 -98  12   12   1    0 2018 1290
3   3  12   10   2 -100 2018 1291
3   3  12   11   2    0 2018 1292
2   4  12   12   2    0 2018 1293
3   2  12    1   3    0 2018 1294
2   2   9    9   2    0 2018 1295
1   2   2 -100   3 -100 2018 1296
3   2   9 -100   2 -100 2018 1297
2   2  12 -100   2 -100 2018 1298
3   3   3 -100   2    3 2018 1299
2   3   1  -90   3 -100 2018 1300
3   4  12   12   2    5 2018 1301
1   3  12   12   3 -100 2018 1302
3   2  11 -100   2 -100 2018 1303
2   4  12   12   1    0 2018 1304
3   3  12   12   2    0 2018 1305
1   4  12 -100   1 -100 2018 1306
3   2  12 -100   2  -99 2018 1307
2   3   9 -100   1 -100 2018 1308
3   4  12 -100   3    3 2018 1309
2   4  12 -100   2 -100 2018 1310
1   3  12   12   2    0 2018 1311
1   3  10    9   2    5 2018 1312
3   2   9 -100   3 -100 2018 1313
1   4  12   12   2   10 2018 1314
2   3  12   12   2    0 2018 1315
1   1  12   12   2    0 2018 1316
2   1  12    8   1    0 2018 1317
3   3  12 -100   1    1 2018 1318
2   3   2 -100   1 -100 2018 1319
1   2  12    9   2   30 2018 1320
3   3  12 -100   2 -100 2018 1321
3   4  12   12   1   10 2018 1322
1   3  12   12   2  -99 2018 1323
3   3   9 -100   1 -100 2018 1324
2   3  11   11   2    3 2018 1325
1   2   7 -100   2 -100 2018 1326
1   2  12 -100   2 -100 2018 1327
3   3  12   12   2    3 2018 1328
1   3  12 -100   1 -100 2018 1329
2   3  12   12   2    0 2018 1330
1   3   9 -100   2 -100 2018 1331
3   2  12    9   1    5 2018 1332
1   3  12 -100   2 -100 2018 1333
2   2  12   12   2   20 2018 1334
2   4  12 -100   2 -100 2018 1335
3   1  10   10   1    0 2018 1336
2   4  12 -100   2 -100 2018 1337
1   3  12   12   1    0 2018 1338
2   3  12   12   2    0 2018 1339
1   1  10 -100   1 -100 2018 1340
3   2  12 -100   2 -100 2018 1341
2   1   1 -100   2 -100 2018 1342
1   3  11   11   2    0 2018 1343
3   3 -98    1   1 -100 2018 1344
1   3  12 -100   1    0 2018 1345
3   3  12   12   2    0 2018 1346
1   2  12   12   2    5 2018 1347
2   3  12 -100   1    0 2018 1348
3   3  12   12   2    0 2018 1349
2   2  12   12   2  -99 2018 1350
3   4 -98 -100   2 -100 2018 1351
1   3  12   12   1    2 2018 1352
2   1  12   12   2 -100 2018 1353
1   3  12   12   2    5 2018 1354
2   2  12   12   1   30 2018 1355
1   1  11 -100   2 -100 2018 1356
3   4   2 -100   2 -100 2018 1357
2   3  12   12   2 -100 2018 1358
1   2  12 -100   1 -100 2018 1359
2   2  12    5   2    8 2018 1360
1   4   2 -100   3 -100 2018 1361
3   4 -90 -100   2 -100 2018 1362
1   2 -90    4   3  -99 2018 1363
3   3  12   10   2 -100 2018 1364
2   1  12 -100   2 -100 2018 1365
1   1  12 -100   1 -100 2018 1366
3   3  11    9   2 -100 2018 1367
2   3  12 -100   2 -100 2018 1368
1   2   9 -100   2    0 2018 1369
3   3  12   11   2    0 2018 1370
2   1  12   12   3  -98 2018 1371
1   4  12   12   2    2 2018 1372
3   4  12 -100   2    1 2018 1373
1   2  12   12   2    2 2018 1374
3   2  12   12   2    4 2018 1375
2   3  12   12   2   14 2018 1376
3   3  12   11   1    0 2018 1377
1   2  12   12   2    0 2018 1378
3   3  12 -100   2 -100 2018 1379
1   3  12   12   1    0 2018 1380
3   3   9 -100   2 -100 2018 1381
1   2  12   12   1    0 2018 1382
3   3  12    3   3    0 2018 1383
2   4  12   12   1    0 2018 1384
3   4  12 -100   2    0 2018 1385
3   3  11 -100   1 -100 2018 1386
1   2  10    9   2    6 2018 1387
3   2  12   11   1 -100 2018 1388
1   2  12   12   2   10 2018 1389
3   3 -90 -100   1 -100 2018 1390
3   2  12   12   2    0 2018 1391
1   4  12    6   2    3 2018 1392
3   3  12   11   2    0 2018 1393
2   2 -90 -100   2 -100 2018 1394
1   3  12  -98   2    0 2018 1395
2   4  12 -100   2 -100 2018 1396
3   3  12   12   2    0 2018 1397
1   2   9 -100   2 -100 2018 1398
3 -98 -98 -100   1 -100 2018 1399
2   3  12   12   2    0 2018 1400
1   1   1   12   2  -98 2018 1401
2 -99  11 -100   1 -100 2018 1402
1   4  12   11   1    3 2018 1403
3   2  12   12   3   14 2018 1404
2   2  12 -100   2 -100 2018 1405
1   2  12 -100   2 -100 2018 1406
3   2   9  -98   2 -100 2018 1407
3   3  12   11   2 -100 2018 1408
1   5  11    7   3 -100 2018 1409
1   3  12   12   2   10 2018 1410
3   2  12 -100   2 -100 2018 1411
1   3  12  -98   2 -100 2018 1412
3   3  11    7   2    0 2018 1413
1   2  12   12   2    0 2018 1414
2   1   9    5   3    0 2018 1415
1   3  12   12   3   30 2018 1416
2   1  12   12   1    0 2018 1417
1   3   3 -100   2    0 2018 1418
3   1   8    8   3   30 2018 1419
2   4  12   12   2    0 2018 1420
1   3  12 -100   1 -100 2018 1421
3   3   9 -100   2    1 2018 1422
2   2  12    3   2 -100 2018 1423
1   3  12   12   2    4 2018 1424
3   3  12   12   2    0 2018 1425
2   3 -98    5   2    4 2018 1426
3   3  12    4   2 -100 2018 1427
1   1  12 -100   1 -100 2018 1428
3   2 -98   12   2    3 2018 1429
1   3  12 -100   2 -100 2018 1430
2   3 -90 -100   2 -100 2018 1431
1   2  12   12   2    2 2018 1432
2   4  12   12   2    0 2018 1433
1   1  12   12   2    0 2018 1434
3   2  12   12   1    0 2018 1435
2 -98 -98 -100   1 -100 2018 1436
3   2  12 -100   3 -100 2018 1437
2   4  12   12   1    0 2018 1438
1   2  11   11   1    0 2018 1439
3   3 -98 -100   1    0 2018 1440
1   4  11   11   2    0 2018 1441
3   4  10 -100   1 -100 2018 1442
3   4  12   12   2   15 2018 1443
1 -98  12 -100   2 -100 2018 1444
3   4   1   11   3 -100 2018 1445
2   4  12   12   2    1 2018 1446
3   3   9    9   3    0 2018 1447
1   3  12   11   2   10 2018 1448
1   2   9 -100   2 -100 2018 1449
2   1  11 -100   3 -100 2018 1450
3   2  12   12   1    5 2018 1451
2   1  12 -100   2 -100 2018 1452
2   2  12   12   1    0 2018 1453
3   3  12   12   2   15 2018 1454
2   2   9    3   3 -100 2018 1455
3 -98 -98 -100   1 -100 2018 1456
1   3  12    9   2    0 2018 1457
3   1  12   12   3    3 2018 1458
1   3   1 -100   3 -100 2018 1459
1   4  12   12   2    3 2018 1460
3   4   1 -100   1 -100 2018 1461
3   4   9    9   3    0 2018 1462
3   3 -98 -100   2 -100 2018 1463
2   3  11   11   2    0 2018 1464
2   3  12   10   1    0 2018 1465
3   3  12   12   2    0 2018 1466
2   5 -90 -100   3 -100 2018 1467
1   3  12   12   2    2 2018 1468
3   2  12   12   1    0 2018 1469
2   3   7    1   2    4 2018 1470
2   1  12   12   1    0 2018 1471
1   1  12   12   3    1 2018 1472
2   4  12   12   3    1 2018 1473
1   4  12 -100   2    0 2018 1474
3   1  12   10   3    4 2018 1475
2   3   9 -100   2   10 2018 1476
1   3  11    9   2   30 2018 1477
3   2  10    9   1   30 2018 1478
2   3  12   12   2    4 2018 1479
2   1 -90 -100   1 -100 2018 1480
3   3  12    5   2    0 2018 1481
1   3  12   12   2    0 2018 1482
3   4  12 -100   2 -100 2018 1483
1   3  12   10   2 -100 2018 1484
3   3  12   12   1    0 2018 1485
2   5  12    9   2 -100 2018 1486
1   3  12   12   1    0 2018 1487
3   3  12 -100   1 -100 2018 1488
3   3  12   12   1 -100 2018 1489
2   2  12   12   2    4 2018 1490
1   4  12   12   2    0 2018 1491
2   3  12   12   2 -100 2018 1492
1   4   9 -100   3 -100 2018 1493
3   1   8 -100   2 -100 2018 1494
3   2  12 -100   2 -100 2018 1495
1   1  12    2   2    5 2018 1496
2   3   9 -100   2 -100 2018 1497
1   1  12 -100   2 -100 2018 1498
3   3  12   12   2    0 2018 1499
2   3  11   11   2    0 2018 1500
1   3  11   11   2    0 2018 1501
1   4  12 -100   1 -100 2018 1502
1   1  12 -100   2 -100 2018 1503
1   1  12   12   2    0 2018 1504
2   1  12   12   2    0 2018 1505
3   2  12    3   1    0 2018 1506
2   1  12   12   3   30 2018 1507
1   2  10 -100   1 -100 2018 1508
2   2  12    5   2    0 2018 1509
1   2  10    9   2    0 2018 1510
3   3  12   12   1    5 2018 1511
2   4  11    8   2    0 2018 1512
2   2  12 -100   1 -100 2018 1513
1   4 -98    2   3    0 2018 1514
3   4  12   12   2   30 2018 1515
2   1  12 -100   2 -100 2018 1516
1   3  11   11   2    0 2018 1517
3   2  12 -100   1 -100 2018 1518
2   3  12   12   2    0 2018 1519
1   2  12 -100   2 -100 2018 1520
3   3   9    4   3    6 2018 1521
2   2   3 -100   2 -100 2018 1522
1   3  12    9   2   10 2018 1523
3   3  12   12   1    0 2018 1524
2   2 -98 -100 -98 -100 2018 1525
1   3  12   12   3   30 2018 1526
3   4   8 -100   2 -100 2018 1527
2   2 -90  -90   1    0 2018 1528
1   2  12   10   1    0 2018 1529
1   3   9 -100   1 -100 2018 1530
1   3   1 -100   3 -100 2018 1531
2   2  11 -100   3 -100 2018 1532
1   2  12   12   2    5 2018 1533
2   5  12    9   3    0 2018 1534
1 -98 -98   11   1    0 2018 1535
2   3  12 -100   1 -100 2018 1536
3   1   9    1   2 -100 2018 1537
2   3   1    1   3    2 2018 1538
1   1  10   10   2    2 2018 1539
3   4 -98    5   2 -100 2018 1540
2   2  12   12   2    0 2018 1541
1   3  12 -100   1    0 2018 1542
3   2  12 -100   1 -100 2018 1543
3   2   7    7   3   20 2018 1544
3   3  12 -100   3 -100 2018 1545
1   3 -98   12   2    0 2018 1546
3   1  12 -100   2   30 2018 1547
2   2   3 -100   3   10 2018 1548
2   3  12   12   2    0 2018 1549
1   3  12 -100   2 -100 2018 1550
2   3  12 -100   3 -100 2018 1551
1   2  12   11   2   14 2018 1552
3   1   9 -100   3 -100 2018 1553
2   3  12   11   1    0 2018 1554
3   3  12   12   1    0 2018 1555
2   5  12   12   1    0 2018 1556
3   3  12 -100   3 -100 2018 1557
2   3  12   12   1    0 2018 1558
3   3 -98 -100   2 -100 2018 1559
2   3  10   10   2    7 2018 1560
1   3  12   12   1    0 2018 1561
2   3  12   12   1    0 2018 1562
3   3  12 -100   1 -100 2018 1563
2   3  12   11   2    5 2018 1564
1   3  12 -100   2    0 2018 1565
1   2  12   12   1    0 2018 1566
2   2  12   12   2    0 2018 1567
3   2  12   12   1    0 2018 1568
2   4   9    9   2   15 2018 1569
3   2  12   12   1    0 2018 1570
1   2   9 -100   1 -100 2018 1571
3   2  12    9   3 -100 2018 1572
3   2 -90 -100   1 -100 2018 1573
1   1  11    5   3    0 2018 1574
3   2 -90 -100   1 -100 2018 1575
2   1  10 -100   2 -100 2018 1576
1   2   9    9   2    0 2018 1577
3   4  12   12   2    2 2018 1578
1   3  12   12   2    4 2018 1579
1   2  12 -100   2 -100 2018 1580
3   1  12 -100   2   14 2018 1581
1   3  12 -100   2 -100 2018 1582
3   4  12    4   2    0 2018 1583
2   4  12   12   1    0 2018 1584
3   4  12   12   2    0 2018 1585
2   3  10 -100   3 -100 2018 1586
2   3  12 -100   2    0 2018 1587
1   3   4    3   2    0 2018 1588
1   2  12 -100   2 -100 2018 1589
1   2  12 -100   3 -100 2018 1590
3   3  12 -100   1    0 2018 1591
2   3  10 -100   2 -100 2018 1592
1   3   9 -100   2 -100 2018 1593
3   3  12 -100   2 -100 2018 1594
2   4  12   12   1 -100 2018 1595
1   1  12 -100   2 -100 2018 1596
3   3  10 -100   3 -100 2018 1597
2   3   9 -100   1 -100 2018 1598
3   3   9    9   3   30 2018 1599
3   2  12   12   1    6 2018 1600
2   2  11 -100   2 -100 2018 1601
3   1  11    8   2    7 2018 1602
2 -98 -98 -100   2    1 2018 1603
1   3   8    8   3   10 2018 1604
3   5 -90 -100   2 -100 2018 1605
1   3  12   12   2    2 2018 1606
3   4 -98  -98   2    1 2018 1607
2   3 -90 -100   2 -100 2018 1608
1   5  12   12   2   15 2018 1609
3   3  10 -100   2    0 2018 1610
1   1  12   12   2    0 2018 1611
3   3 -90  -90   2    0 2018 1612
2 -98  12   12   1 -100 2018 1613
1   2  12 -100   2 -100 2018 1614
3   4 -98    2   1    1 2018 1615
2   2  12   12   1    0 2018 1616
3   3  12    2   3 -100 2018 1617
1   2  11   11   2    0 2018 1618
1   4 -98 -100   1 -100 2018 1619
2   3  12   12   1    3 2018 1620
1   2  12 -100   2   14 2018 1621
3   4  12   12   2    5 2018 1622
2   5  12   12   2    0 2018 1623
1   5  12 -100   1 -100 2018 1624
2   3  12 -100   2 -100 2018 1625
1   3  11   11   1 -100 2018 1626
3   2   9 -100   2 -100 2018 1627
2   3 -98  -98   1    0 2018 1628
1   3  12 -100   2 -100 2018 1629
2   3  12 -100   2 -100 2018 1630
1   1  12 -100   1 -100 2018 1631
3   3 -90  -90   2    0 2018 1632
3   2  12   11   2    0 2018 1633
2   3  12   12   1    0 2018 1634
1   3  11 -100   2 -100 2018 1635
3   4  12 -100   1 -100 2018 1636
1   3  12   12   1    0 2018 1637
2   3  12   12   1    0 2018 1638
1   3  11   11   2    1 2018 1639
3   3  10 -100   3 -100 2018 1640
2   2  12  -90   1    0 2018 1641
2   4  12   12   1    0 2018 1642
1   3  12 -100   2 -100 2018 1643
3   3  12   12   2    0 2018 1644
2   3  12 -100   3 -100 2018 1645
1   1   9 -100   2 -100 2018 1646
3   2  12 -100   2 -100 2018 1647
1   3  12 -100   2 -100 2018 1648
3   4  12   12   2    5 2018 1649
2   3  12 -100   2 -100 2018 1650
1   3  11   11   2   10 2018 1651
3   1  11   11   2    0 2018 1652
3   2  12 -100   2 -100 2018 1653
2   4  12   12   1   30 2018 1654
1   1  12   12   2    0 2018 1655
3   3   9 -100   1 -100 2018 1656
2   3  12   12   2    0 2018 1657
3   4  12   12   2    0 2018 1658
2   2  12   12   2    1 2018 1659
1   2  11 -100   2 -100 2018 1660
3   3 -98   11   3    0 2018 1661
1   2  10    8   2    0 2018 1662
3   3  12    9   1    0 2018 1663
2   4  12   12   3   10 2018 1664
3   3  12   12   2    7 2018 1665
2   3   8 -100   3 -100 2018 1666
1   3  12   12   2    3 2018 1667
2   1   9 -100   2 -100 2018 1668
1   4  12   12   1    0 2018 1669
3   1  12   12   1    1 2018 1670
1   3  12   12   3   15 2018 1671
3   2  12   12   2    0 2018 1672
1   3  12   12   1    0 2018 1673
3   2  12 -100   2 -100 2018 1674
2   3  12   12   1    0 2018 1675
2   2  12 -100   2 -100 2018 1676
2   3  12   11   1    0 2018 1677
2   3  12   12   2   10 2018 1678
1   3  12   12   2    0 2018 1679
2   2  12    4   2    0 2018 1680
3   4  12   12   1    0 2018 1681
2   3  12   12   2    6 2018 1682
1   3  12 -100   1 -100 2018 1683
3   2 -90 -100   1 -100 2018 1684
3   3  12   12   2    0 2018 1685
1   1  12 -100   1    0 2018 1686
3   2  12 -100   3   15 2018 1687
2   1  12   12   2    0 2018 1688
3   2   1 -100   3    2 2018 1689
1   3 -90  -90   3 -100 2018 1690
2   3  10    9   2   10 2018 1691
1   1 -90   12   1    0 2018 1692
3   3  12 -100   2 -100 2018 1693
2   1  12   12   2   25 2018 1694
3   2   2 -100   3 -100 2018 1695
1   3 -90 -100   2 -100 2018 1696
1   4   8 -100   2 -100 2018 1697
3   3   3 -100   2 -100 2018 1698
2 -99   9    3   1    0 2018 1699
1   1  12 -100   2 -100 2018 1700
3   2   9 -100   3 -100 2018 1701
1   4  12   12   2   20 2018 1702
2   2  12   12   3    0 2018 1703
1   3   3    2   2    0 2018 1704
3 -98  12 -100   1 -100 2018 1705
1   2  12   12   1    0 2018 1706
2   2   8 -100   2    0 2018 1707
2   3  12   12   2    5 2018 1708
1   3  12    8   2 -100 2018 1709
3   2   2 -100   1 -100 2018 1710
2   4  12 -100   3   30 2018 1711
1   2   4 -100   2 -100 2018 1712
1   3  12 -100   2 -100 2018 1713
1   3  12   12   2    0 2018 1714
2   3 -98    4   2 -100 2018 1715
1   4   2 -100   2 -100 2018 1716
1   4   2 -100   2 -100 2018 1717
2   4   5 -100   1 -100 2018 1718
1   3  12   11   2    0 2018 1719
3   4  11    4   2    0 2018 1720
1   3  12 -100   2 -100 2018 1721
3   3  12   12   2    0 2018 1722
2   5  12   12   3   30 2018 1723
1   2  12   12   2   10 2018 1724
2   1  12   12   2    0 2018 1725
1   4  12   12   2    0 2018 1726
2   3  11 -100   3 -100 2018 1727
1   3   8 -100   2 -100 2018 1728
3   3   9    9   3    0 2018 1729
2   2  12   12   2    2 2018 1730
3   2  12   12   2    0 2018 1731
2   3  12 -100   1    1 2018 1732
2   3  12   12   1    0 2018 1733
1   3  12 -100   1 -100 2018 1734
2   3  12 -100   1 -100 2018 1735
1   1  12 -100   2 -100 2018 1736
2   3  12   12   2   12 2018 1737
1   4  12   11   1    0 2018 1738
3   3  12 -100   3   30 2018 1739
3   2   2 -100   3 -100 2018 1740
2   3   9 -100   2 -100 2018 1741
3   3  12   12   2    0 2018 1742
1   1   1 -100   1 -100 2018 1743
3   3  12   12   2    5 2018 1744
2   1  12   10   2   10 2018 1745
1   2  10  -98   2 -100 2018 1746
2   2   9    3   1    3 2018 1747
1   2  12   12   1   30 2018 1748
3   2  11   11   2    2 2018 1749
3   3  12   12   1    0 2018 1750
1   2  12    9   2    5 2018 1751
3   3  12   12   1    0 2018 1752
2   3  12    1   2 -100 2018 1753
1   2  12   12   2    0 2018 1754
2   1  12 -100   2 -100 2018 1755
2   4  12   11   1    0 2018 1756
1   2  11 -100   1 -100 2018 1757
2   3  12   12   2    0 2018 1758
1   3   2 -100   1 -100 2018 1759
3   3  12   12   1    0 2018 1760
2   3  12   12   2    0 2018 1761
3   3  12 -100   1 -100 2018 1762
2   3  12   12   1    0 2018 1763
3   3  12   12   1 -100 2018 1764
2   3  12   12   2    0 2018 1765
1   3  12 -100   2    5 2018 1766
2   3  12   12   1    0 2018 1767
1   2  12   12   2    2 2018 1768
3   3  12   12   1    0 2018 1769
2   4  12 -100   2    0 2018 1770
2   2  12   12   1    0 2018 1771
1   2  12 -100   1 -100 2018 1772
2   2  11 -100   2 -100 2018 1773
1   5  12 -100   2 -100 2018 1774
3   3  12    1   1    0 2018 1775
3   2  12   12   2 -100 2018 1776
2   3  12 -100   2 -100 2018 1777
3   3  12   11   2    0 2018 1778
3   3  12 -100   1 -100 2018 1779
2   3  12 -100   3 -100 2018 1780
3   3  12   12   1    0 2018 1781
3   4  12   11   3   30 2018 1782
2   3  12 -100   1    0 2018 1783
2   3  11    1   2    1 2018 1784
1   2  12   12   2    2 2018 1785
3   2  12 -100   1    0 2018 1786
1   4  12   12   1    0 2018 1787
1   3  12   12   2  -99 2018 1788
1   3  12   12   2    0 2018 1789
1   2  12    2   1    0 2018 1790
3   4  12 -100   2    0 2018 1791
2   3  12 -100   1    0 2018 1792
3   3  12 -100   2 -100 2018 1793
2   2  12   10   1   10 2018 1794
1   3   8 -100   2 -100 2018 1795
3   3  12   12   1   10 2018 1796
2   3  12   12   2    1 2018 1797
1   3 -90 -100   2 -100 2018 1798
3   3  12   12   1    0 2018 1799
1   3  12   12   1    0 2018 1800
3   3  12   12   1    0 2018 1801
2   3  12 -100   2 -100 2018 1802
1   2  12   12   2    0 2018 1803
2   3  12   12   2    0 2018 1804
3   1  12   12   1    3 2018 1805
2   2  12   12   1    0 2018 1806
3   3  12 -100   1    0 2018 1807
1   2  11   11   2    0 2018 1808
3   3  12   12   2    0 2018 1809
1   3  12   12   1    0 2018 1810
1 -98  12   12   1    0 2018 1811
3   3  12 -100   1 -100 2018 1812
1   3  12 -100   1 -100 2018 1813
2   3  12   12   2    0 2018 1814
3   3   8 -100   2 -100 2018 1815
1   3  12 -100   2 -100 2018 1816
3   3  12   12   2    0 2018 1817
2   4  12   12   2    4 2018 1818
1   3  10 -100   3 -100 2018 1819
3   3   9    8   1    0 2018 1820
2   2  10    9   2    0 2018 1821
1   4  12   12   1    0 2018 1822
1   2  11 -100   2 -100 2018 1823
2   3 -90  -90   2    0 2018 1824
1   3  12   12   1   15 2018 1825
3   2 -90 -100   1 -100 2018 1826
2   3  12   12   2    2 2018 1827
1   3  12    3   2 -100 2018 1828
3   3  12   12   2    2 2018 1829
2   2  12   12   2   10 2018 1830
1   3  12 -100   2 -100 2018 1831
1   2  12   12   2    0 2018 1832
3   3  10    9   2    0 2018 1833
3   4   9 -100   3 -100 2018 1834
1   3  11 -100   2    0 2018 1835
3   3  11 -100   3   12 2018 1836
1   3  12   11   1    0 2018 1837
3   2 -90 -100   1 -100 2018 1838
2   1  12   12   1 -100 2018 1839
1   3  12 -100   2 -100 2018 1840
2   3  10   10   2    5 2018 1841
2   3  12   12   1    0 2018 1842
1   3   6 -100   2 -100 2018 1843
2   1  11   10   2   30 2018 1844
3   3  12   12   2 -100 2018 1845
2   3   9    9   2   15 2018 1846
3   2  12   12   3 -100 2018 1847
1   2  12   12   2    0 2018 1848
3   4  12 -100   2 -100 2018 1849
2   2   8 -100   2 -100 2018 1850
2   3  12 -100   1    0 2018 1851
1   4   2    3   3    4 2018 1852
3   2  12   12   3    0 2018 1853
1   2  12 -100   1 -100 2018 1854
2   3  12 -100   2 -100 2018 1855
3   2  12 -100   1 -100 2018 1856
2   2  12 -100   3 -100 2018 1857
3   4  12 -100   2 -100 2018 1858
1   3  11   10   1    0 2018 1859
3   3  12   12   1    0 2018 1860
1   3   7 -100   2   15 2018 1861
3   3   1    2   3 -100 2018 1862
2   3  12   12   1    0 2018 1863
1   3  12   12   2    0 2018 1864
2   1  12 -100   2 -100 2018 1865
3   3  12 -100   1 -100 2018 1866
1   2   4  -98   3 -100 2018 1867
3   2  12   12   1    0 2018 1868
1   2  12 -100   3 -100 2018 1869
3   1  12   12   3    2 2018 1870
1   1  12   12   2    0 2018 1871
3   2  12 -100   2 -100 2018 1872
2   3  12    2   2    0 2018 1873
1   2  12 -100   1    0 2018 1874
2   3  12 -100   2 -100 2018 1875
2   1  12 -100   2 -100 2018 1876
1   3   9 -100   1 -100 2018 1877
3   3  12 -100   2 -100 2018 1878
2   3  12   12   2    0 2018 1879
3   3   5    3   3 -100 2018 1880
1   3   9 -100   1    7 2018 1881
3   3   7 -100   1 -100 2018 1882
1 -98  12 -100   1 -100 2018 1883
1   2   6    1   2    0 2018 1884
2   3  12   12   1    0 2018 1885
1   2  12   12   3    4 2018 1886
3   2  12 -100   1 -100 2018 1887
2   3  12   12   2  -99 2018 1888
1   3  12   12   2    4 2018 1889
3   3  12   12   1    0 2018 1890
3   3  12   11   2    0 2018 1891
2   3  12   11   3    0 2018 1892
3   2  11 -100   1 -100 2018 1893
2   2   2 -100   2 -100 2018 1894
1   3   9 -100   2    0 2018 1895
3   2  11   11   2    5 2018 1896
3   2  12   12   2    0 2018 1897
2   3  12 -100   2    0 2018 1898
1   3  12   12   2    0 2018 1899
2   3   4 -100   2    0 2018 1900
2   2  12   12   2    0 2018 1901
2   3   8    2   1 -100 2018 1902
1   3  12 -100   2 -100 2018 1903
3   2  12   12   3    0 2018 1904
1   3   9    3   3    5 2018 1905
1   3  12   12   1 -100 2018 1906
3   3  12   12   2    0 2018 1907
3   3  12    9   2   10 2018 1908
3   2  12   12   1    0 2018 1909
2   3  12   12   1    2 2018 1910
1   3  12   12   3    0 2018 1911
1   3  12   12   2    1 2018 1912
2   2  12   12   2    0 2018 1913
1   3  12 -100   2   10 2018 1914
3   2  10 -100   3    0 2018 1915
1   3 -90 -100   2 -100 2018 1916
3   3  12 -100   2 -100 2018 1917
1   2 -98 -100   3 -100 2018 1918
2   2  12   12   2    0 2018 1919
2   3  12   12   1    2 2018 1920
3   3  12 -100   2    7 2018 1921
2   3  12   12   2    1 2018 1922
1   2  12   12   2    0 2018 1923
3   2 -90  -90   2   30 2018 1924
1   2  12   12   2    1 2018 1925
3   3  12   12   1    5 2018 1926
1   5  12 -100   1    0 2018 1927
3   3  12    5   3    5 2018 1928
1   3 -90  -90   2    2 2018 1929
1   3  12 -100   2    0 2018 1930
1   2  12    9   1    0 2018 1931
3   2  12 -100   2 -100 2018 1932
2   2 -90 -100   1    1 2018 1933
2   2  12 -100   2 -100 2018 1934
1   4  10    2   2    0 2018 1935
3   4 -98 -100   2    0 2018 1936
1   4  12   12   2   10 2018 1937
3   1  12 -100   3   20 2018 1938
1   1  12   12   2 -100 2018 1939
1   4 -98 -100   1 -100 2018 1940
1   3  12   12   1    0 2018 1941
3   3 -98 -100   2 -100 2018 1942
1   4  12 -100   1 -100 2018 1943
3   1  12 -100   1 -100 2018 1944
2   2  12   12   3   10 2018 1945
1   4  12   12   2  -99 2018 1946
2   4   2 -100   2 -100 2018 1947
1   4   9    8   2    3 2018 1948
2   3  12 -100   2 -100 2018 1949
1   2  12   12   3   10 2018 1950
3   3   9 -100   2 -100 2018 1951
1   3  12   12   2    1 2018 1952
3   5   9 -100   2 -100 2018 1953
1   3 -98 -100   2 -100 2018 1954
2   2  12    8   2    0 2018 1955
1   2  12   12   2    2 2018 1956
2   4  12   12   2    4 2018 1957
1   3  12   12   2    0 2018 1958
3   2  10 -100   2 -100 2018 1959
1   3  12 -100   2 -100 2018 1960
3   2  12   10   3    7 2018 1961
1   3  12   12   2    0 2018 1962
1   1 -90  -90   1    0 2018 1963
2   1  12    2   1    4 2018 1964
1   2  12   12   2    0 2018 1965
1   2  12   12   2    0 2018 1966
2   1  11 -100   2 -100 2018 1967
1   2  11 -100   1 -100 2018 1968
3   4  11   11   2   25 2018 1969
3   2 -90  -90   1 -100 2018 1970
1   3  12   12   2    0 2018 1971
3   3  12   12   2    3 2018 1972
1   3  10    9   1 -100 2018 1973
3   3  12   12   2    0 2018 1974
2   2 -90    7   2    3 2018 1975
1   4  12 -100   2 -100 2018 1976
3   3  12   10   2 -100 2018 1977
2   2  12 -100   1    1 2018 1978
1   1   8    7   3    2 2018 1979
3   1  12   10   1    0 2018 1980
2   2   9 -100   3 -100 2018 1981
1   3   2 -100   3 -100 2018 1982
3   3  12   12   1    0 2018 1983
2   5  12   12   1    0 2018 1984
3   1 -98    6   3 -100 2018 1985
2   2  12    5   1    2 2018 1986
3   3   9 -100   1    0 2018 1987
1   1   5 -100   1 -100 2018 1988
3   3  11 -100   1 -100 2018 1989
2   4  12   10   2 -100 2018 1990
1   1   8    1   2    0 2018 1991
3   3   5    4   2 -100 2018 1992
1   3 -90  -98   2 -100 2018 1993
1   1  12 -100   1 -100 2018 1994
1   2   9 -100   2 -100 2018 1995
2   4  12 -100   2 -100 2018 1996
2   2  12 -100   2 -100 2018 1997
3   3  12 -100   3 -100 2018 1998
2   2  12 -100   2 -100 2018 1999
2   4  12 -100   1 -100 2018 2000
1   2   9 -100   2 -100 2018 2001
2   4  12   12   2    0 2018 2002
2   2  12   12   2    0 2018 2003
2   3  12   12   2    3 2018 2004
1   3  12 -100   2 -100 2018 2005
2   3  12 -100   2 -100 2018 2006
3   2   9 -100   3   22 2018 2007
2   3  12   12   2    3 2018 2008
3   2   5 -100   2 -100 2018 2009
2   2   8 -100   2 -100 2018 2010
1   3   1 -100   2 -100 2018 2011
2   2  12 -100   2 -100 2018 2012
3   2  10   10   2    7 2018 2013
1   2 -90 -100   2 -100 2018 2014
2   3  12 -100   2 -100 2018 2015
2   4  11   11   2    1 2018 2016
1   3  12 -100   2 -100 2018 2017
3   3  12 -100   1 -100 2018 2018
2   2  12   12   2    0 2018 2019
1   2  12 -100   2    0 2018 2020
2   3  12 -100   2 -100 2018 2021
1   2  12 -100   1 -100 2018 2022
2   3  12 -100   2 -100 2018 2023
1   5  12   12   3    4 2018 2024
3   5  12   12   1    0 2018 2025
1   1  12   12   2  -99 2018 2026
3   3  12   12   3    1 2018 2027
1   1  12   12   1    0 2018 2028
2   3  11   11   1    0 2018 2029
3   4   8 -100   2 -100 2018 2030
1   3  12   11   2   10 2018 2031
2   2  12   12   2    2 2018 2032
3   3  12    2   2 -100 2018 2033
2   3  12   11   1    4 2018 2034
3   2  12   12   2   20 2018 2035
2   2  12   12   2   15 2018 2036
1   2  12   12   2    3 2018 2037
3   2  12   12   1   20 2018 2038
1   2  11 -100   3 -100 2018 2039
2   2  12   12   2    1 2018 2040
1   3  12   12   1    0 2018 2041
2   4  12   12   3   30 2018 2042
1   2  12   12   2  -98 2018 2043
3   2  12   12   2    3 2018 2044
2   3  10 -100   3 -100 2018 2045
3   1  12 -100   3 -100 2018 2046
1   4  12 -100   2 -100 2018 2047
2   5   9 -100   2 -100 2018 2048
1   3  12    5   1    0 2018 2049
1   1  12   12   2    0 2018 2050
3   3  12   12   2    1 2018 2051
1   3   9 -100   2 -100 2018 2052
3   2  12 -100   1 -100 2018 2053
3   2  12 -100   2 -100 2018 2054
1   2  12    4   3    3 2018 2055
3   4  12   12   3    2 2018 2056
2   3  10 -100   2 -100 2018 2057
3   3  12 -100   1 -100 2018 2058
2   2 -90 -100   2 -100 2018 2059
1   2  12 -100   1 -100 2018 2060
3   4  11 -100   2 -100 2018 2061
2   2  12   12   2    0 2018 2062
1   2  12   10   3    5 2018 2063
2   3  12    4   1    0 2018 2064
2   4  12 -100   1 -100 2018 2065
3   3   3    3   1    0 2018 2066
2   1   4 -100   1 -100 2018 2067
2   1  11   11   2    0 2018 2068
3 -98  12   12   3   15 2018 2069
2   3   9 -100   3 -100 2018 2070
3   2  10 -100   2 -100 2018 2071
2   3 -98 -100   2 -100 2018 2072
1   4  11 -100   1 -100 2018 2073
2   2  11   10   3    0 2018 2074
1   3  11    9   1    0 2018 2075
3   2  12   12   1 -100 2018 2076
2   2  12   12   2    3 2018 2077
1   2  12 -100   2    0 2018 2078
3   1 -98 -100   2 -100 2018 2079
2   2  12   11   1    1 2018 2080
1   2   9    9   2   16 2018 2081
2   3  12    9   2    5 2018 2082
1   2  12   11   1    2 2018 2083
2   3  12 -100   1 -100 2018 2084
1   3 -90  -90   2    0 2018 2085
2   3  12 -100   2 -100 2018 2086
2   2  12   12   2    0 2018 2087
3   2  12   12   2    4 2018 2088
1   1  10 -100   2 -100 2018 2089
2   3  12 -100   2 -100 2018 2090
3   5   9    8   2 -100 2018 2091
2   4  12   12   2    5 2018 2092
1   4  12   12   2   10 2018 2093
3   2  12   12   1  -99 2018 2094
2   2  12    9   3  -99 2018 2095
3   3  12 -100   2 -100 2018 2096
1   2  10 -100   2 -100 2018 2097
3   2  12   12   2  -99 2018 2098
1   3  12   12   2    0 2018 2099
3   3  12   12   2    0 2018 2100
1   2 -90  -90   1  -99 2018 2101
3   4  12   12   1  -99 2018 2102
3   3  12   12   2    3 2018 2103
3   2  12 -100   2 -100 2018 2104
1   3  12   12   2    0 2018 2105
2   4  11   12   2  -99 2018 2106
3   3  12   12   1    0 2018 2107
1   2  12 -100   1 -100 2018 2108
3   4  12   12   1    0 2018 2109
1   3  12   12   1  -99 2018 2110
3   3   9    9   2    0 2018 2111
1   2   9    9   2    0 2018 2112
2   1   9 -100   3 -100 2018 2113
3   3  11 -100   2 -100 2018 2114
1   2  12 -100   1 -100 2018 2115
2   3   9 -100   3 -100 2018 2116
2   3   9 -100   1 -100 2018 2117
2   3 -98 -100   2 -100 2018 2118
3   3   9 -100   3 -100 2018 2119
2   4  12 -100   1 -100 2018 2120
2   4  12   12   3   30 2018 2121
3   3  11 -100   2    2 2018 2122
3   3  12 -100   2 -100 2018 2123
3   3  12   12   1    0 2018 2124
2   3  12 -100   2  -99 2018 2125
3   2  11 -100   2    0 2018 2126
3   3  12    1   2 -100 2018 2127
2   3  12   12   2    3 2018 2128
3   2  12   12   2    0 2018 2129
2   3  12   12   1    0 2018 2130
1   3  12   12   2 -100 2018 2131
2   1  11    9   2 -100 2018 2132
1   2  12   12   1   15 2018 2133
3   3  12   12   1    0 2018 2134
2   1  12   11   1    1 2018 2135
1   3  10 -100   2 -100 2018 2136
3   2  12   12   1    0 2018 2137
2   4  12    8   1    0 2018 2138
1   1 -98  -98   1   20 2018 2139
2   3  11   11   1    0 2018 2140
3   3  12    8   2 -100 2018 2141
2   3  12 -100   2 -100 2018 2142
3   3  12 -100   2 -100 2018 2143
1   2   8 -100   2 -100 2018 2144
3   2  12   12   2    0 2018 2145
3   1  11 -100   2 -100 2018 2146
2   1 -90 -100   1 -100 2018 2147
1   2  12 -100   1 -100 2018 2148
2   4  12 -100   2 -100 2018 2149
1   3 -90 -100   2 -100 2018 2150
2   3  12   12   3   20 2018 2151
2   2  12 -100   2 -100 2018 2152
3   2  12   12   2    0 2018 2153
2   2  12 -100   2    1 2018 2154
2   3  12   11   3   10 2018 2155
1   3  12   11   2    0 2018 2156
1   3  12   12   2    2 2018 2157
3   2 -98  -98 -98    0 2018 2158
1   2   1    1   2    2 2018 2159
3   4  12   12   2    5 2018 2160
1   1  12   12   1    0 2018 2161
2   2  12   12   3   30 2018 2162
2   2  12    9   2    0 2018 2163
1   2  11 -100   1 -100 2018 2164
3   3  12 -100   3    2 2018 2165
1   2   9 -100   2    0 2018 2166
1   4  12   12   2    1 2018 2167
2   2  12   12   1    0 2018 2168
3   3  12   12   1    0 2018 2169
1   3  12 -100   2 -100 2018 2170
1   2  12 -100   1 -100 2018 2171
1   3  12    1   1    5 2018 2172
3   2  12   12   2   15 2018 2173
1   2  12    9   2    0 2018 2174
2   3  12   12   2    0 2018 2175
3   4  10   10   2    0 2018 2176
2   3   9 -100   2 -100 2018 2177
1   3  11    9   3  -98 2018 2178
3   4  11 -100   2 -100 2018 2179
3   2  12 -100   1 -100 2018 2180
2   1  12    8   2    7 2018 2181
2   1   6 -100   2 -100 2018 2182
2   1  12   12   2    0 2018 2183
1   1  12 -100   2 -100 2018 2184
2   3  12   12   2    0 2018 2185
1   2  11 -100   1 -100 2018 2186
1   2  12   12   1    2 2018 2187
2   3  12    9   2    0 2018 2188
1   3  12 -100   2   20 2018 2189
2   3  12   12   2    2 2018 2190
1   3  12   12   1    0 2018 2191
3   4  12   12   1    0 2018 2192
1   4   9    9   2    7 2018 2193
3   3   5 -100   1 -100 2018 2194
1   4 -90    2   2    0 2018 2195
2   2   9 -100   2 -100 2018 2196
2   2  12 -100   1    2 2018 2197
1   5  12   12   3 -100 2018 2198
3   1  12   12   2   10 2018 2199
2   4   9 -100   3 -100 2018 2200
1   2  11    4   2    3 2018 2201
2   2  12 -100   2    3 2018 2202
2   3  12 -100   1 -100 2018 2203
3   3  10 -100   2   15 2018 2204
2   2  12 -100   2    0 2018 2205
1   3  12   12   3    3 2018 2206
3   5  12   12   2    0 2018 2207
2   2   8 -100   2    3 2018 2208
1   4  12   10   1    0 2018 2209
3   2  12 -100   3 -100 2018 2210
3   4  12   12   2    5 2018 2211
2   3  12 -100   1 -100 2018 2212
1   2   1 -100   1 -100 2018 2213
3   3   1 -100   3 -100 2018 2214
2   2  12 -100   1 -100 2018 2215
2   3  12 -100   1 -100 2018 2216
1   3  12   12   3   10 2018 2217
3   3   8    8   2    0 2018 2218
1   2  12 -100   2 -100 2018 2219
2   2   1 -100   2 -100 2018 2220
1   3   2 -100   2 -100 2018 2221
3   3   9 -100   1 -100 2018 2222
2   2 -90 -100   2    0 2018 2223
1   3  12   12   2    0 2018 2224
1   3  11 -100   2    3 2018 2225
3   3  12   12   2    2 2018 2226
1   2  12   12   1    5 2018 2227
3   2  12   12   1    1 2018 2228
2   3  12   12   2    0 2018 2229
1   3  12   11   2    5 2018 2230
3   3  12 -100   1 -100 2018 2231
3   3  12 -100   3 -100 2018 2232
2   3  10   10   3    2 2018 2233
3   3   1 -100   2   15 2018 2234
3   2  12   12   1    0 2018 2235
2   2  11 -100   2    0 2018 2236
1   1  12 -100   3 -100 2018 2237
3   2  12 -100   3   15 2018 2238
2   3   9 -100   2 -100 2018 2239
1   2  12   12   1    0 2018 2240
3   3   2 -100   3 -100 2018 2241
1   2  12    9   2    5 2018 2242
2   2  12 -100   2    0 2018 2243
1 -98 -98 -100   2 -100 2018 2244
1   2  11    3   2    0 2018 2245
3   2  12 -100   1 -100 2018 2246
1   2 -90 -100   2 -100 2018 2247
3   3  12   12   1    0 2018 2248
2   3  12   10   2   10 2018 2249
1   2  12   12   2    0 2018 2250
3   3  12 -100   2 -100 2018 2251
1   3  12   12   1    5 2018 2252
1   1  12 -100   1    0 2018 2253
3   3  12    9   2    0 2018 2254
2   1  11 -100   2 -100 2018 2255
1   3  12   12   2    5 2018 2256
2   2   9    9   1   15 2018 2257
1   3 -98 -100   1 -100 2018 2258
3   1   1 -100 -98 -100 2018 2259
2   1  12   10   1    0 2018 2260
3   3  12   12   3    4 2018 2261
1   3   3   11   1    0 2018 2262
3   4   5    5   3    0 2018 2263
1   3   3  -90   1 -100 2018 2264
3   2   1 -100   2 -100 2018 2265
2   1   1 -100   2 -100 2018 2266
3   3  10  -98   1    0 2018 2267
2   3  12 -100   2 -100 2018 2268
1   1   8 -100   2 -100 2018 2269
3   1  12   12   3    0 2018 2270
2   4 -98 -100   3 -100 2018 2271
1   3  12    8   1    0 2018 2272
3   2  12   12   2    0 2018 2273
3   2   8 -100   3 -100 2018 2274
2   4  12   12   2   15 2018 2275
3   3  12    2   2    2 2018 2276
3   2   1  -90   3 -100 2018 2277
2   3  11 -100   1 -100 2018 2278
3   3  11    9   2    0 2018 2279
2   2  12   12   1    0 2018 2280
2   3  12 -100   1 -100 2018 2281
3 -98   1 -100   3 -100 2018 2282
2   1   9 -100   2 -100 2018 2283
1   1  12   11   1    0 2018 2284
3   2  11 -100   2 -100 2018 2285
2   3  12   12   1    8 2018 2286
1   1  12   11   2    0 2018 2287
3   5   9 -100   3 -100 2018 2288
2   2   1 -100   2 -100 2018 2289
1   3   9 -100   2 -100 2018 2290
3   3   9 -100   3 -100 2018 2291
2   3   6 -100   2    1 2018 2292
1   2   9    1   1    0 2018 2293
2   2   9 -100   1 -100 2018 2294
1   3   2    2   2   30 2018 2295
1   1   9 -100   2 -100 2018 2296
3   3  12   12   3    7 2018 2297
1   1   8    3   2    2 2018 2298
3   4   3 -100   3 -100 2018 2299
1   2   4 -100   1 -100 2018 2300
3   3   9 -100   1 -100 2018 2301
1   3  11   11   2   14 2018 2302
3   4   8  -90   3 -100 2018 2303
2   2   8    1   2 -100 2018 2304
1   1  12   12   2 -100 2018 2305
3   3  12   12   2    2 2018 2306
3   4  12 -100   2 -100 2018 2307
2   2   9   11   2    3 2018 2308
1   3   1 -100   2 -100 2018 2309
3   2  12 -100   3 -100 2018 2310
2   2  12   12   2 -100 2018 2311
1   3  12    8   2 -100 2018 2312
1   1  12   11   1 -100 2018 2313
3   3   7 -100   2 -100 2018 2314
2   4  12   12   1    0 2018 2315
1 -98 -98 -100   1    0 2018 2316
1   3  12   12   1    0 2018 2317
3   3  12   12   2  -99 2018 2318
3   1  12   12   1   30 2018 2319
2   3 -90  -90   2    0 2018 2320
1   2  12 -100   2 -100 2018 2321
3   3  12   12   2    0 2018 2322
2   1  12   12   2    0 2018 2323
2   3  12 -100   2 -100 2018 2324
1   3 -98    6   2 -100 2018 2325
1   3  12    6   1    0 2018 2326
3   2  12   12   2    0 2018 2327
2   2   2    2   2 -100 2018 2328
3   3  12 -100   2 -100 2018 2329
2   2  12 -100   3 -100 2018 2330
2   3  12   12   2    0 2018 2331
2   2  11 -100   2 -100 2018 2332
3   4  12 -100   1 -100 2018 2333
1   3  12 -100   1 -100 2018 2334
3   3  12 -100   2 -100 2018 2335
1   3  12   12   2    3 2018 2336
2   4  12    8   3   20 2018 2337
3   2 -98 -100   2 -100 2018 2338
3   2  10 -100   3 -100 2018 2339
1   2  12   12   2    2 2018 2340
2   2 -98 -100   2 -100 2018 2341
1   1   8 -100   2 -100 2018 2342
3   1  10 -100   2 -100 2018 2343
1   3 -90  -90   2    0 2018 2344
1   2  12   10   2    0 2018 2345
3   2  12    3   1 -100 2018 2346
2   4  12 -100   1 -100 2018 2347
1   3 -90 -100   1 -100 2018 2348
